4.43865
4.36728
4.31213
4.42328
4.38733
4.41704
4.4393
4.35233
4.42642
4.44067
4.36631
4.40827
4.43633
4.38304
4.42431
4.4233
4.44633
4.40008
4.43452
4.42091
4.43159
4.43316
4.42153
4.36193
4.38625
4.36047
4.40395
4.44672
4.40128
4.42736
4.44079
4.28619
4.41876
4.41701
4.36426
4.38832
4.39607
4.36803
4.45
4.37456
4.42465
4.42919
4.43583
4.40788
4.35598
4.37503
4.44672
4.39551
4.4036
4.30564
4.41684
4.38704
4.44559
4.35249
4.33178
4.28257
4.40567
4.36237
4.37193
4.40981
4.40559
4.39613
4.29866
4.41632
4.41132
4.39162
4.41597
4.42684
4.35928
4.37174
4.43003
4.42142
4.38687
4.36056
4.41749
4.44757
4.37441
4.40156
4.41662
4.36948
4.42195
4.39125
4.31681
4.43615
4.34
4.43545
4.32716
4.45203
4.41065
4.44252
4.42221
4.40217
4.42363
4.43828
4.27942
4.28354
4.38988
4.40646
4.27433
4.4129
4.37242
4.38736
4.41725
4.33924
4.37268
4.43322
4.40196
4.42453
4.45007
4.38849
4.31775
4.37416
4.39543
4.28603
4.43245
4.4598
4.39361
4.40814
4.43512
4.37652
4.44903
4.42242
4.39411
4.37288
4.43369
4.42837
4.45619
4.44787
4.42228
4.43759
4.39225
4.36781
4.31227
4.44118
4.42836
4.4477
4.29637
4.35626
4.36663
4.45724
4.43476
4.43809
4.40319
4.30525
4.44345
4.40548
4.42047
4.39296
4.34097
4.42516
4.34657
4.44988
4.402
4.38255
4.41659
4.37314
4.41952
4.36406
4.28159
4.41228
4.40802
4.35363
4.39805
4.43023
4.32643
4.30576
4.44368
4.42704
4.43898
4.42568
4.42326
4.4243
4.3596
4.4397
4.42256
4.4048
4.3866
4.34845
4.39018
4.39674
4.33075
4.37184
4.43868
4.44729
4.38618
4.4446
4.44357
4.4172
4.40503
4.42601
4.39058
4.31507
4.36335
4.44309
4.38711
4.31444
4.40195
4.33006
4.32863
4.44451
4.36073
4.43745
4.3818
4.44346
4.4341
4.44232
4.42189
4.31961
4.3983
4.41772
4.29251
4.44911
4.43127
4.37601
4.4269
4.40016
4.38659
4.42132
4.32867
4.36139
4.43138
4.43602
4.44003
4.38557
4.45858
4.32815
4.39792
4.3807
4.39705
4.28987
4.41382
4.40416
4.43845
4.30623
4.36301
4.4165
4.3388
4.42138
4.38356
4.32741
4.43143
4.40133
4.37916
4.28847
4.3961
4.4189
4.31726
4.43232
4.42352
4.4394
4.36625
4.43498
4.43723
4.43174
4.37698
4.28729
4.43411
4.28462
4.33264
4.27862
4.4306
4.41297
4.4294
4.43121
4.33874
4.41477
4.35023
4.37492
4.42878
4.3007
4.43033
4.35261
4.42981
4.40309
4.37139
4.41184
4.38603
4.3143
4.30539
4.3834
4.42433
4.44472
4.36416
4.42842
4.42938
4.37439
4.34998
4.42133
4.39245
4.30983
4.4338
4.38773
4.43795
4.38068
4.43655
4.2839
4.40947
4.40679
4.40647
4.31086
4.40099
4.43813
4.38758
4.38807
4.40813
4.43045
4.30046
4.42487
4.45076
4.429
4.44118
4.41616
4.3326
4.43258
4.41467
4.28469
4.2756
4.39483
4.40556
4.43178
4.42094
4.43802
4.43956
4.31458
4.3598
4.45816
4.36555
4.32844
4.42696
4.3672
4.36338
4.38298
4.41481
4.40263
4.28163
4.44975
4.31018
4.27993
4.38427
4.44983
4.32787
4.37528
4.37172
4.39122
4.41269
4.2838
4.41388
4.4087
4.45017
4.34753
4.43225
4.41716
4.4213
4.32213
4.42203
4.43725
4.38014
4.41466
4.37125
4.42007
4.28113
4.44567
4.41429
4.36264
4.40975
4.36772
4.44771
4.42861
4.41435
4.42237
4.41319
4.44345
4.38198
4.38564
4.42792
4.42469
4.43123
4.43124
4.39073
4.40642
4.35922
4.28765
4.36481
4.39559
4.3198
4.39191
4.37284
4.3455
4.38535
4.44454
4.37705
4.42464
4.27957
4.42274
4.44663
4.41611
4.4027
4.41425
4.42923
4.30489
4.41067
4.34983
4.42656
4.40769
4.39659
4.36613
4.33029
4.35209
4.39528
4.44609
4.36526
4.38159
4.42326
4.38405
4.3546
4.30327
4.324
4.40236
4.34294
4.34486
4.45837
4.42154
4.42975
4.44709
4.30667
4.33535
4.41308
4.37859
4.41901
4.43164
4.39178
4.44793
4.46568
4.43831
4.31504
4.36048
4.39884
4.39956
4.43903
4.38867
4.44012
4.44766
4.3895
4.40991
4.31384
4.31191
4.44721
4.40998
4.3543
4.44542
4.37127
4.36568
4.39805
4.40593
4.40053
4.39676
4.42009
4.42607
4.45168
4.41106
4.39855
4.35867
4.42699
4.35542
4.41912
4.36325
4.43985
4.4191
4.40731
4.39041
4.42231
4.28534
4.27687
4.42906
4.4393
4.3189
4.33583
4.32836
4.44305
4.33307
4.3875
4.40756
4.38939
4.42394
4.2963
4.40566
4.43198
4.41345
4.28818
4.40241
4.42099
4.39869
4.42885
4.43167
4.4122
4.41839
4.41956
4.41926
4.45064
4.44622
4.42566
4.39941
4.43959
4.44914
4.39395
4.37721
4.39161
4.41898
4.43474
4.37174
4.31591
4.38769
4.44469
4.32502
4.41424
4.33314
4.43487
4.43753
4.40498
4.40625
4.40708
4.34166
4.43377
4.42128
4.43025
4.35821
4.44641
4.32028
4.41774
4.30101
4.37615
4.40132
4.31981
4.36694
4.37294
4.35546
4.43222
4.34303
4.43899
4.35418
4.41475
4.42356
4.29325
4.34096
4.44311
4.45202
4.43988
4.4256
4.44268
4.42965
4.29636
4.41194
4.42636
4.39467
4.4311
4.28357
4.42737
4.37556
4.30453
4.43543
4.34429
4.31799
4.28243
4.42723
4.43223
4.36916
4.40274
4.3499
4.28471
4.39402
4.37124
4.40869
4.40927
4.41595
4.44113
4.36382
4.45644
4.43029
4.3414
4.42749
4.43374
4.41486
4.34357
4.36668
4.39514
4.42075
4.41651
4.43012
4.42904
4.41966
4.44463
4.43228
4.39811
4.36305
4.41157
4.31341
4.42916
4.3441
4.44613
4.43392
4.45539
4.44288
4.33867
4.44099
4.43475
4.40677
4.40286
4.28535
4.30244
4.41057
4.45603
4.45053
4.33948
4.37802
4.38931
4.40537
4.43354
4.43066
4.41863
4.43444
4.44332
4.28445
4.40804
4.38478
4.34747
4.31685
4.43594
4.3391
4.44594
4.43424
4.37501
4.40135
4.44351
4.44254
4.33247
4.36852
4.41007
4.41453
4.45046
4.35318
4.37883
4.37077
4.4121
4.39437
4.33696
4.44372
4.45212
4.32868
4.43375
4.3588
4.44272
4.32286
4.40433
4.37353
4.40697
4.38777
4.40789
4.38077
4.41887
4.42458
4.3861
4.41866
4.43683
4.40509
4.43854
4.45446
4.31827
4.43074
4.42385
4.32621
4.41648
4.39239
4.37255
4.35188
4.4436
4.4419
4.38014
4.44068
4.38222
4.38521
4.43655
4.30841
4.4238
4.38363
4.34394
4.41909
4.41478
4.4477
4.4106
4.44669
4.43789
4.33025
4.45094
4.43078
4.41146
4.32715
4.42469
4.33684
4.28279
4.38375
4.41726
4.43865
4.40729
4.38797
4.36554
4.31641
4.44143
4.44722
4.35238
4.40697
4.45022
4.39303
4.43296
4.38554
4.44677
4.36655
4.34871
4.429
4.42278
4.38995
4.43146
4.38887
4.43435
4.4206
4.43635
4.43828
4.41706
4.37502
4.35606
4.44571
4.40377
4.39413
4.41262
4.33021
4.3794
4.34952
4.41843
4.33596
4.45316
4.28801
4.40357
4.35879
4.43629
4.3616
4.41829
4.35432
4.38128
4.397
4.39471
4.43266
4.39816
4.3977
4.43685
4.42671
4.43454
4.44528
4.28799
4.38573
4.33075
4.44198
4.41878
4.37055
4.37019
4.32132
4.33048
4.44609
4.32512
4.29228
4.37318
4.44776
4.44302
4.37047
4.40517
4.4247
4.34021
4.41449
4.34512
4.34889
4.31288
4.43745
4.41573
4.43753
4.41694
4.46151
4.43131
4.37673
4.35085
4.36099
4.31538
4.32819
4.28751
4.37067
4.33463
4.30014
4.31178
4.31621
4.28385
4.38261
4.46127
4.39852
4.40227
4.28829
4.44237
4.40636
4.42082
4.42705
4.39851
4.33611
4.4609
4.36807
4.40285
4.42173
4.42502
4.40109
4.32919
4.37142
4.40575
4.36835
4.40174
4.42329
4.43814
4.40658
4.37732
4.42093
4.32282
4.43076
4.40226
4.42078
4.38394
4.43526
4.4176
4.42921
4.37226
4.36231
4.41239
4.43339
4.43256
4.34495
4.29803
4.41054
4.42634
4.39709
4.39814
4.4216
4.31201
4.39748
4.40024
4.39388
4.36757
4.38938
4.38628
4.41587
4.43581
4.35112
4.36168
4.34912
4.42688
4.32416
4.38179
4.46319
4.31445
4.40375
4.41643
4.42647
4.36906
4.42845
4.43023
4.39275
4.38044
4.28975
4.36184
4.40942
4.3474
4.36293
4.34959
4.35593
4.416
4.38616
4.40331
4.30764
4.31408
4.35442
4.31279
4.4293
4.40217
4.41963
4.41015
4.37999
4.39694
4.40781
4.3318
4.2821
4.38819
4.3915
4.41413
4.3801
4.43413
4.40812
4.40561
4.28048
4.38723
4.43949
4.35427
4.36715
4.40594
4.38215
4.38644
4.37086
4.44095
4.42414
4.39868
4.37224
4.41026
4.35468
4.28408
4.37765
4.41631
4.37671
4.41882
4.41002
4.35387
4.4274
4.42135
4.38841
4.39917
4.43454
4.44268
4.40242
4.40538
4.32475
4.44277
4.37173
4.36748
4.43512
4.44892
4.43793
4.42189
4.40647
4.2828
4.39023
4.31981
4.40153
4.40448
4.42509
4.35586
4.36522
4.38314
4.43172
4.42366
4.37388
4.39547
4.43183
4.41666
4.28485
4.40567
4.38639
4.3491
4.4355
4.33161
4.33779
4.41989
4.42177
4.38279
4.34909
4.40277
4.35329
4.34354
4.33091
4.36547
4.43164
4.4341
4.30117
4.33421
4.42766
4.36454
4.30273
4.35685
4.42804
4.4151
4.43498
4.4108
4.41556
4.28533
4.44331
4.33714
4.42123
4.38613
4.43142
4.42293
4.41812
4.43677
4.41849
4.37286
4.40151
4.35045
4.41748
4.3789
4.30416
4.40325
4.39484
4.46372
4.43979
4.4286
4.37879
4.42458
4.29429
4.33079
4.4209
4.39407
4.42438
4.42254
4.4334
4.36904
4.42129
4.38437
4.3068
4.44828
4.34546
4.40747
4.44667
4.34751
4.44626
4.41264
4.44536
4.40171
4.40361
4.40539
4.43442
4.37376
4.45126
4.31847
4.41032
4.42941
4.41163
4.36618
4.39506
4.36738
4.44901
4.2827
4.36259
4.36553
4.37835
4.29235
4.3554
4.41482
4.45573
4.4058
4.31905
4.39999
4.43707
4.39793
4.40983
4.3562
4.36673
4.43721
4.34161
4.36579
4.35433
4.43578
4.39032
4.44155
4.30987
4.38261
4.43
4.35717
4.44285
4.39841
4.41321
4.39977
4.43199
4.40887
4.39497
4.39338
4.28254
4.45866
4.4098
4.42559
4.38498
4.43415
4.41379
4.3072
4.41987
4.44254
4.34671
4.35163
4.33901
4.30538
4.33273
4.4293
4.32443
4.33619
4.4394
4.42031
4.44023
4.39853
4.37386
4.42191
4.43134
4.34983
4.44113
4.41887
4.34359
4.43172
4.35319
4.44922
4.41441
4.42549
4.43388
4.43825
4.42104
4.42121
4.35958
4.39826
4.45226
4.43282
4.40683
4.40953
4.41488
4.39575
4.43555
4.43955
4.39038
4.41961
4.37753
4.43511
4.28684
4.42854
4.29455
4.454
4.37532
4.41988
4.38785
4.38705
4.38959
4.34119
4.36194
4.4275
4.43863
4.35282
4.33865
4.42627
4.3687
4.38862
4.3403
4.40438
4.37907
4.39917
4.38807
4.39977
4.33859
4.37554
4.37793
4.42778
4.35628
4.42007
4.45107
4.42433
4.38319
4.44819
4.37798
4.39768
4.43687
4.41476
4.44422
4.39836
4.42465
4.42595
4.38814
4.40704
4.40578
4.39144
4.37314
4.36742
4.42907
4.4082
4.40473
4.42921
4.43546
4.43441
4.42398
4.31752
4.39977
4.41104
4.41891
4.41945
4.43336
4.36542
4.40449
4.45539
4.40175
4.46093
4.40852
4.4022
4.42887
4.43282
4.42393
4.43233
4.42843
4.3881
4.2828
4.37228
4.38349
4.39185
4.36111
4.37412
4.3149
4.32415
4.4312
4.45508
4.43151
4.43156
4.43151
4.43868
4.43391
4.42419
4.35217
4.43715
4.41776
4.4186
4.4225
4.38492
4.32851
4.42601
4.44634
4.44289
4.43884
4.42983
4.29943
4.41432
4.37694
4.35849
4.32801
4.40039
4.44301
4.44616
4.42356
4.41151
4.37479
4.35318
4.39937
4.33911
4.34468
4.41804
4.43896
4.4236
4.29159
4.29617
4.37987
4.41937
4.44117
4.44425
4.41085
4.4347
4.41976
4.38451
4.3403
4.38843
4.36552
4.31397
4.28465
4.34427
4.35827
4.43875
4.40132
4.42605
4.38727
4.43347
4.36226
4.38244
4.36452
4.42507
4.38861
4.41325
4.29969
4.41054
4.38267
4.39766
4.38316
4.4264
4.42322
4.35974
4.40136
4.41359
4.37817
4.40616
4.37051
4.44676
4.44758
4.29638
4.42497
4.37575
4.45566
4.41105
4.44157
4.44698
4.38321
4.39433
4.27775
4.41842
4.30541
4.44963
4.31865
4.31319
4.41935
4.37074
4.43
4.35433
4.31336
4.41618
4.35409
4.3278
4.40564
4.39779
4.46172
4.42437
4.39221
4.32176
4.41638
4.44872
4.28843
4.4426
4.43274
4.40807
4.35102
4.36869
4.44512
4.43774
4.3722
4.42288
4.40231
4.28643
4.4155
4.40032
4.38278
4.44298
4.40611
4.42261
4.28054
4.30344
4.44085
4.32965
4.44382
4.4204
4.42323
4.39257
4.37243
4.44949
4.3679
4.42096
4.40927
4.29776
4.45655
4.4457
4.41435
4.34465
4.40914
4.38427
4.39992
4.39454
4.31396
4.36486
4.44441
4.41677
4.44663
4.37598
4.36367
4.36283
4.41247
4.36024
4.43511
4.45559
4.432
4.34961
4.35111
4.36236
4.36597
4.42796
4.43396
4.39147
4.39641
4.28456
4.36405
4.42626
4.33112
4.38384
4.31557
4.43922
4.4045
4.40265
4.4118
4.30324
4.44853
4.43234
4.4028
4.37507
4.35995
4.39542
4.34029
4.36663
4.43933
4.40405
4.39073
4.3689
4.33396
4.37054
4.43643
4.4284
4.4016
4.32652
4.43698
4.40587
4.38173
4.30888
4.38856
4.43539
4.41581
4.32366
4.39966
4.38783
4.3658
4.38238
4.39172
4.41139
4.43875
4.33129
4.28583
4.45133
4.33649
4.29791
4.29148
4.37241
4.3869
4.41778
4.36669
4.40243
4.4357
4.29524
4.40691
4.37534
4.40627
4.32509
4.42465
4.37056
4.44124
4.41569
4.32046
4.38336
4.37155
4.33949
4.40602
4.42993
4.42449
4.39613
4.43957
4.35459
4.4381
4.43135
4.42355
4.4061
4.42052
4.32504
4.42876
4.33229
4.43872
4.44699
4.41063
4.37702
4.41925
4.42219
4.28119
4.33775
4.42144
4.41427
4.41465
4.30648
4.44154
4.3838
4.43193
4.35553
4.43691
4.41062
4.36467
4.38764
4.42592
4.3355
4.40611
4.39285
4.42931
4.4017
4.37576
4.4305
4.39721
4.40037
4.40948
4.40956
4.34225
4.33715
4.43193
4.34518
4.38101
4.32325
4.36814
4.42824
4.4015
4.44558
4.4475
4.38902
4.45502
4.42677
4.43269
4.3934
4.37984
4.38677
4.42998
4.32099
4.36244
4.42929
4.31928
4.2826
4.36713
4.30867
4.42136
4.39387
4.35487
4.40682
4.35578
4.3737
4.29436
4.39171
4.40668
4.41656
4.40844
4.42746
4.44777
4.30029
4.36135
4.28784
4.4459
4.38701
4.36713
4.44469
4.41464
4.42217
4.42249
4.28413
4.43934
4.44024
4.44887
4.35924
4.4159
4.36725
4.4337
4.36268
4.38717
4.40618
4.34456
4.41437
4.3689
4.4385
4.42572
4.41952
4.40949
4.32847
4.37455
4.3969
4.36125
4.43198
4.43712
4.29258
4.41288
4.37478
4.41392
4.38336
4.37506
4.42034
4.44026
4.4321
4.44772
4.42372
4.44261
4.34291
4.38019
4.34556
4.38715
4.4315
4.44458
4.39811
4.38658
4.39375
4.44012
4.41368
4.37202
4.35086
4.40603
4.42817
4.44074
4.43841
4.33179
4.43059
4.37484
4.42512
4.37238
4.41991
4.35836
4.42999
4.34055
4.43055
4.42306
4.34926
4.41707
4.39908
4.42402
4.34274
4.43102
4.43067
4.43895
4.42489
4.41671
4.39676
4.43737
4.37436
4.38407
4.31095
4.42543
4.38147
4.40543
4.39701
4.41623
4.4341
4.37061
4.39712
4.43721
4.41031
4.41454
4.31002
4.4229
4.42074
4.41865
4.33255
4.42069
4.34738
4.39904
4.40915
4.44706
4.41825
4.35269
4.31162
4.40094
4.33354
4.44503
4.36418
4.3882
4.41173
4.44678
4.43134
4.42297
4.32187
4.40071
4.4447
4.36679
4.38279
4.42297
4.38958
4.30993
4.45761
4.41957
4.44865
4.36873
4.36961
4.36392
4.41737
4.40414
4.29971
4.3667
4.4241
4.44591
4.28411
4.35787
4.33031
4.43937
4.41401
4.38452
4.41862
4.35554
4.33426
4.41353
4.41165
4.29268
4.37317
4.42673
4.41318
4.43858
4.44834
4.28228
4.32119
4.42448
4.40487
4.3225
4.39765
4.44688
4.39032
4.36746
4.31626
4.32054
4.35108
4.38095
4.35052
4.43281
4.3977
4.37524
4.3877
4.32906
4.35853
4.37569
4.42314
4.36237
4.30656
4.41522
4.43147
4.39479
4.32995
4.38778
4.41834
4.42491
4.36311
4.43979
4.38554
4.31603
4.33979
4.37455
4.41989
4.33979
4.34342
4.37376
4.39647
4.42781
4.41557
4.43176
4.4094
4.44449
4.42456
4.3947
4.40418
4.40892
4.45278
4.31997
4.35999
4.4213
4.38452
4.35266
4.42957
4.34623
4.46325
4.34737
4.39065
4.28543
4.42157
4.33632
4.27713
4.34595
4.37721
4.40582
4.41175
4.34833
4.42841
4.44301
4.31292
4.29175
4.39576
4.43394
4.44795
4.40943
4.40909
4.36216
4.45373
4.36934
4.39584
4.37535
4.38332
4.44098
4.40246
4.42645
4.34004
4.44915
4.42069
4.28081
4.35124
4.39319
4.2974
4.38213
4.30586
4.32242
4.34188
4.40512
4.38317
4.35423
4.32946
4.3707
4.43397
4.44119
4.3876
4.29321
4.41118
4.4455
4.39735
4.39924
4.42626
4.40466
4.42614
4.39385
4.43136
4.4241
4.42327
4.43991
4.35836
4.45246
4.28791
4.29386
4.43925
4.40153
4.35913
4.37726
4.40201
4.44975
4.41798
4.41375
4.42285
4.31741
4.44498
4.40415
4.40682
4.42499
4.28385
4.4473
4.36094
4.37302
4.4304
4.43096
4.34482
4.36369
4.44041
4.34906
4.36147
4.33147
4.40511
4.39817
4.40949
4.43393
4.35346
4.44076
4.37066
4.42943
4.35926
4.43873
4.41654
4.42315
4.32618
4.42213
4.40878
4.41975
4.3927
4.41421
4.4183
4.30429
4.42953
4.39493
4.37181
4.36567
4.30402
4.4275
4.44456
4.39777
4.42182
4.33625
4.396
4.43814
4.43291
4.33278
4.43308
4.35007
4.31606
4.40462
4.41966
4.40098
4.44095
4.28788
4.40221
4.41843
4.40183
4.44118
4.36012
4.4434
4.38206
4.42492
4.36435
4.40543
4.43291
4.42663
4.35936
4.43039
4.41466
4.3984
4.38104
4.33488
4.37796
4.35993
4.33238
4.43312
4.38452
4.34387
4.41594
4.41698
4.39747
4.44629
4.40619
4.42223
4.39987
4.41595
4.43462
4.44027
4.39117
4.39681
4.37395
4.37008
4.43445
4.39171
4.4177
4.44123
4.4237
4.33265
4.40927
4.39154
4.44036
4.42021
4.45267
4.37696
4.43292
4.40644
4.28019
4.39271
4.35915
4.41389
4.38799
4.37115
4.41833
4.38314
4.36681
4.34158
4.3955
4.28231
4.36291
4.43319
4.36625
4.41641
4.38813
4.42998
4.44635
4.41287
4.42427
4.43928
4.4343
4.38617
4.42491
4.39221
4.3774
4.37546
4.3804
4.32533
4.41267
4.36934
4.30655
4.41146
4.43072
4.42482
4.38798
4.34718
4.45143
4.379
4.35181
4.41106
4.38433
4.43548
4.41132
4.42632
4.41724
4.41237
4.44299
4.40591
4.31842
4.44993
4.41252
4.39538
4.36613
4.42611
4.33826
4.42248
4.39251
4.42132
4.41488
4.39328
