0	1	1	0	1	0	0	1	1	1	1	0	1	1	0	0	1	1	0	1	1	1	0	0	1	0	1	1	1	1	0	1	1	1	1	1	1	0	1	0	0	1	1	0	1	1	0	0	0	0	1	0	0	1	0	1	1	1	0	1	1	1	1	0	 7632718176994469342
0	1	0	1	0	1	1	1	1	1	1	0	1	1	0	0	0	0	1	1	0	0	1	1	1	0	0	1	0	0	0	1	1	1	1	1	0	1	1	1	0	1	0	0	1	0	1	0	1	1	1	1	1	0	1	0	0	1	0	1	1	1	1	1	 6335495477815605855
0	0	0	1	1	0	1	1	0	0	1	0	1	1	1	0	1	1	0	0	0	1	1	0	1	1	0	0	1	1	0	0	0	0	0	0	1	0	0	1	1	1	1	0	0	0	0	0	1	1	0	1	0	0	0	1	0	0	0	1	1	1	1	0	 1958721467594101022
0	0	0	1	0	1	0	0	1	1	0	0	0	1	0	1	1	0	0	1	0	1	1	1	1	0	0	0	1	0	1	0	1	1	1	1	0	0	1	1	0	1	0	0	0	1	1	1	0	0	0	0	1	1	1	0	0	1	1	1	1	1	1	0	 1496769074213359230
0	0	0	0	1	0	0	1	1	1	1	1	0	0	1	0	1	1	0	0	0	1	1	0	1	0	1	1	1	0	1	1	0	1	0	0	0	1	1	0	0	0	0	0	0	0	1	1	1	1	1	0	0	0	0	0	1	0	0	0	1	1	1	1	 716853798341173391
0	0	0	0	1	1	0	1	1	0	1	1	0	0	0	0	1	1	1	0	0	1	0	0	1	1	1	0	1	1	0	1	1	1	0	0	0	0	1	0	0	0	0	1	1	1	0	1	0	1	1	0	1	1	1	1	1	0	0	1	0	1	1	1	 986540028209229719
1	1	1	0	1	0	1	0	1	1	1	0	0	0	0	1	0	0	0	0	1	1	1	1	0	0	1	1	1	1	1	0	1	1	0	1	1	0	1	1	0	1	1	0	0	0	1	1	1	0	0	1	1	0	0	1	1	1	0	0	0	1	1	1	 -1521918436431390265
1	0	0	1	0	0	0	1	0	1	0	1	0	0	1	1	0	0	1	0	0	1	0	1	1	1	1	0	1	1	0	1	0	0	0	1	0	0	0	1	1	1	0	1	0	1	0	1	0	0	1	0	1	1	1	1	1	1	0	0	0	0	0	0	 -7974988815006355520
0	1	1	0	0	1	1	0	0	1	0	0	0	0	1	0	0	0	1	1	0	0	1	1	0	1	1	0	1	1	0	0	1	1	1	0	1	1	0	0	0	0	0	1	0	1	1	1	1	1	1	1	0	0	0	0	1	0	1	0	0	1	1	0	 7368508483242029222
1	0	0	1	1	0	0	0	0	1	1	0	1	1	1	1	1	1	1	0	1	1	1	1	0	0	0	1	1	1	1	0	0	1	0	0	0	0	0	1	0	0	1	0	0	1	1	1	1	1	0	0	0	1	0	0	0	1	1	1	0	1	0	0	 -7462483144308439948
1	0	0	0	1	1	1	0	0	1	0	1	0	0	1	1	0	1	1	0	1	1	0	1	1	0	0	0	0	1	1	1	1	0	1	1	1	1	1	1	0	1	0	1	1	1	0	0	0	1	1	1	1	0	1	1	0	1	1	1	0	1	1	0	 -8191082867458278538
0	0	1	0	0	0	0	0	1	1	0	0	0	1	0	1	1	1	1	0	0	1	0	0	0	0	1	1	0	1	1	0	1	1	0	1	1	0	1	1	1	0	1	1	1	1	0	1	1	0	0	1	1	0	1	1	0	1	1	1	1	1	1	0	 2361544503891696510
1	0	1	0	1	0	0	1	0	0	0	1	1	0	0	0	0	0	0	1	1	0	0	1	1	0	0	1	1	1	1	1	0	0	0	0	1	1	0	0	1	1	1	0	0	0	0	1	1	0	1	1	1	0	1	0	0	0	1	0	1	1	1	0	 -6262227110952060370
1	1	0	0	1	0	1	1	0	0	1	1	0	0	1	0	1	1	1	0	0	1	1	0	0	1	0	0	0	0	0	1	1	1	0	1	1	1	0	1	0	0	0	0	0	1	1	1	0	0	1	0	0	1	1	1	0	1	1	1	0	1	0	1	 -3804725564619151499
1	1	0	1	1	1	0	0	0	1	1	1	0	1	1	1	0	0	0	1	1	1	1	0	0	1	1	1	0	0	1	0	1	1	1	0	0	1	1	1	0	0	1	1	0	1	0	1	0	0	0	0	0	1	0	0	1	1	1	1	0	1	0	0	 -2560544384282721036
0	1	0	1	0	1	1	0	0	1	0	0	0	0	1	0	0	0	0	1	0	0	1	1	0	1	0	0	0	1	0	0	1	0	1	1	1	1	0	1	0	1	1	1	1	0	1	1	0	1	0	1	1	1	1	1	1	0	1	1	1	1	1	0	 6215551621682388926
1	1	1	0	0	0	0	0	1	0	0	0	0	1	0	0	1	0	0	1	0	0	0	0	0	1	0	1	0	1	1	1	0	0	0	1	1	1	1	1	1	0	0	0	1	0	1	0	0	1	1	1	1	0	0	0	1	1	1	1	0	1	1	1	 -2268529608422164233
0	0	1	1	0	0	0	1	1	0	1	0	0	1	1	0	1	0	1	0	0	1	1	1	1	1	0	1	0	1	0	1	1	0	0	0	1	0	1	1	1	0	1	1	1	1	0	1	1	0	0	0	0	1	1	1	1	1	1	0	0	1	1	0	 3577731489606764518
1	0	0	0	0	1	1	0	1	0	0	1	0	1	1	1	1	0	1	0	1	1	1	0	0	1	1	1	0	0	0	0	0	0	0	0	1	0	0	0	0	1	1	0	1	1	1	1	1	1	1	0	1	0	0	1	0	1	1	1	1	1	1	1	 -8748331954942776961
0	1	0	0	1	1	0	0	0	1	1	1	0	1	1	1	1	1	0	0	0	0	0	0	1	1	0	0	0	1	0	1	1	1	1	1	1	0	1	0	1	1	0	1	0	1	1	1	0	0	1	1	1	1	0	0	0	0	1	0	1	1	0	1	 5510084625660591149
1	1	0	1	0	1	0	1	1	1	0	1	1	1	0	1	0	1	0	1	0	1	0	0	1	1	0	1	0	0	1	1	1	1	1	0	1	0	1	1	1	1	1	0	0	0	0	1	1	1	1	0	0	1	1	0	0	1	1	1	0	1	0	1	 -3036177304605563275
1	1	1	1	0	1	1	1	1	0	0	1	0	1	1	1	0	0	0	1	1	1	0	0	0	1	0	0	1	0	1	0	0	0	0	0	0	0	1	1	0	1	1	0	1	1	0	1	0	1	1	1	0	1	0	0	0	1	1	0	0	0	0	0	 -605984520647379872
1	0	1	0	1	1	1	1	0	0	1	0	1	0	0	1	0	1	0	0	0	0	1	1	1	1	1	1	1	1	0	1	0	0	0	0	1	1	1	1	0	1	1	1	0	1	1	1	0	1	0	1	0	0	0	1	1	0	0	0	0	1	1	1	 -5825049888861761145
0	1	0	1	0	0	1	1	0	0	1	0	1	1	1	0	1	0	1	0	1	1	1	0	1	1	1	0	1	0	1	0	1	1	0	0	1	1	1	0	0	0	0	0	1	0	1	0	0	1	1	0	0	1	1	1	0	1	1	1	1	1	0	1	 5993920477579077501
0	1	0	0	0	0	1	0	1	1	0	0	0	1	1	0	0	1	1	1	0	1	1	0	1	0	0	1	0	1	1	1	0	1	1	0	1	1	0	1	1	0	1	0	0	0	1	1	1	0	1	1	0	1	0	1	1	0	0	0	0	1	1	0	 4811663644643538310
0	0	1	0	0	1	1	0	1	1	1	0	1	0	0	1	0	1	0	1	1	1	0	1	0	0	1	0	0	1	1	1	0	1	1	1	0	1	0	1	1	1	0	0	0	1	1	1	0	0	0	0	1	0	0	0	0	0	1	1	0	0	1	1	 2803874667075930163
1	1	1	0	0	1	1	0	0	0	1	1	1	1	1	0	1	1	0	0	1	1	0	0	1	0	0	1	0	1	0	1	1	0	0	1	0	1	0	1	0	1	0	1	1	0	1	1	0	1	1	0	0	0	1	0	0	0	1	1	0	1	0	0	 -1855821053602078156
0	1	0	0	1	0	1	1	1	0	0	0	1	0	0	1	0	0	1	0	1	1	0	0	0	0	1	0	0	0	0	1	1	0	0	0	0	1	1	1	0	1	1	1	0	1	0	1	0	1	1	0	0	0	0	0	0	0	0	1	0	1	0	1	 5442930147172114453
0	0	1	0	0	1	1	1	1	1	1	1	1	0	1	1	0	0	1	0	0	1	0	0	1	1	1	0	1	0	1	0	1	0	0	1	0	1	0	1	1	0	1	1	0	0	1	0	1	1	0	1	1	1	0	0	1	1	0	0	1	0	1	1	 2880936976586038475
0	1	1	0	0	1	1	0	0	1	1	0	0	1	0	0	1	0	1	0	1	0	1	1	1	1	0	1	0	0	0	1	1	0	0	0	0	1	0	0	1	0	0	1	0	0	0	0	1	0	1	1	1	1	0	0	0	1	1	1	0	1	0	1	 7378211005900307573
0	1	0	0	0	0	1	0	1	0	0	1	0	0	0	0	1	1	1	1	0	0	0	1	0	0	0	1	1	0	1	0	0	0	0	1	1	0	1	0	1	0	0	0	1	0	0	0	1	1	0	1	1	1	1	1	1	0	0	0	0	1	0	1	 4796598697566199685
0	0	0	1	1	0	0	0	0	0	0	0	0	0	0	1	0	0	1	0	1	0	0	1	0	1	1	0	0	1	1	0	1	1	1	0	0	0	0	1	0	0	0	1	0	1	0	1	0	1	0	1	1	0	0	1	1	1	0	1	0	0	1	0	 1729709253726656978
0	0	0	1	0	0	0	0	0	1	1	1	1	0	1	1	1	1	0	0	0	0	1	0	1	0	0	1	0	0	0	1	0	0	1	1	0	0	0	1	1	0	0	0	1	1	0	1	0	0	1	0	1	0	0	0	0	0	0	1	1	0	0	1	 1187756855599638553
0	0	0	1	1	0	1	1	1	1	0	0	0	1	0	0	1	0	0	1	0	1	1	1	1	0	1	0	1	0	0	0	0	1	1	1	0	1	1	1	0	1	1	0	1	1	1	1	1	0	1	1	1	1	1	1	1	0	1	0	1	0	1	0	 2000890884273455018
1	0	1	0	1	1	0	1	1	1	1	0	0	1	1	0	0	0	1	0	1	0	0	0	0	1	1	0	1	1	0	0	1	1	1	0	1	0	0	1	0	1	1	1	1	0	1	0	1	1	0	1	0	0	0	0	0	1	1	0	1	1	1	0	 -5915996612265848722
0	0	1	0	1	1	0	1	0	1	1	0	1	0	0	0	0	0	0	1	1	0	1	0	1	0	0	0	1	0	0	0	1	1	1	1	0	1	1	0	1	1	0	0	1	1	1	0	0	0	1	1	1	0	0	0	1	0	0	0	1	0	0	0	 3271894304843249800
1	1	0	0	0	0	1	1	0	0	0	1	1	1	1	1	0	0	0	1	0	0	1	0	0	0	1	1	1	0	0	0	0	1	0	1	1	0	0	0	1	0	0	0	1	1	1	0	1	0	0	1	1	0	1	1	0	1	1	1	1	0	0	0	 -4386767478822364296
0	0	0	1	0	1	1	1	1	0	0	1	1	1	1	0	1	1	0	1	1	0	1	1	0	0	0	1	1	0	0	1	1	1	0	1	0	0	1	0	0	1	1	0	0	1	0	0	0	1	0	1	1	1	0	0	0	0	1	0	0	0	0	0	 1702038613143084064
0	1	1	1	0	0	1	0	0	1	0	0	1	1	0	1	0	1	1	1	1	1	1	0	1	0	1	1	0	0	0	1	1	1	0	1	0	0	0	0	1	1	1	1	1	0	0	0	0	1	1	1	0	1	1	0	0	1	1	1	1	0	1	1	 8236378595710760571
1	0	0	1	1	1	0	0	1	1	0	1	0	0	0	0	1	0	0	1	0	0	1	0	0	1	0	1	0	1	0	1	1	1	1	0	1	0	0	1	0	0	1	1	1	0	1	0	0	1	1	1	1	1	1	1	0	1	0	0	1	1	0	0	 -7147051710954176692
1	1	0	1	1	0	0	1	1	0	1	1	1	0	0	1	1	0	0	0	0	1	1	0	1	1	0	0	0	0	1	0	1	1	0	0	1	1	1	0	0	0	0	1	0	0	0	0	1	1	1	1	1	0	0	1	0	1	0	1	1	0	1	1	 -2758025125548721829
0	1	0	1	1	0	0	1	1	1	1	0	0	0	0	1	0	1	0	0	1	0	0	1	1	0	1	1	1	0	0	1	0	1	0	0	1	1	0	1	1	0	1	1	0	0	1	1	0	1	1	0	1	0	0	1	0	0	0	1	1	1	0	1	 6476538799356864797
1	0	0	1	0	1	1	0	1	1	0	0	0	0	0	0	1	1	1	1	1	1	0	1	1	1	1	1	0	1	0	0	1	1	0	0	0	0	1	0	0	1	0	0	1	1	0	1	1	1	0	1	1	0	0	1	1	0	1	1	0	0	0	1	 -7583782544818185807
0	0	1	1	0	1	0	1	1	0	0	1	0	1	0	0	1	1	0	1	0	1	1	0	0	1	1	0	1	1	0	1	1	0	0	1	1	1	1	0	1	0	0	0	1	1	1	0	1	1	0	0	1	1	1	0	0	1	1	0	0	1	0	1	 3860946546863296101
1	0	0	0	1	0	1	1	1	0	1	1	0	0	0	0	1	0	1	0	1	0	0	1	0	0	1	1	1	1	1	1	1	1	1	1	0	1	1	0	1	1	1	1	0	1	0	0	0	0	0	1	0	0	0	0	1	0	0	0	1	1	1	1	 -8381012814345269105
0	1	0	0	0	0	1	1	0	0	0	1	1	1	1	0	0	1	0	0	1	0	0	1	0	0	1	0	0	0	0	1	1	1	0	0	0	1	0	1	0	1	1	1	0	1	1	0	1	1	1	0	1	1	0	0	1	0	0	1	1	0	1	1	 4836383459238145179
0	0	1	1	1	1	1	1	1	0	1	1	1	0	0	0	0	0	1	0	1	0	1	1	1	0	0	1	0	0	1	1	0	0	0	0	1	1	0	1	0	1	1	0	0	0	1	1	0	0	1	1	1	0	0	0	1	0	1	1	1	0	1	1	 4591467730689013947
1	1	0	1	1	0	1	1	1	1	1	1	1	1	0	1	0	0	1	1	0	1	0	1	1	1	1	1	0	0	0	1	0	0	1	1	1	0	0	1	1	1	0	0	0	0	1	0	1	1	0	1	0	1	0	1	1	0	0	0	1	0	1	0	 -2594858500123077238
0	0	1	1	0	0	0	1	1	1	1	0	0	0	1	1	0	0	0	1	1	1	0	0	0	1	0	0	1	0	1	1	1	0	1	0	1	0	1	0	0	0	0	0	1	1	1	1	1	0	0	0	0	0	0	0	0	0	1	0	0	0	0	1	 3594748038873055265
1	0	1	0	0	1	0	0	0	1	1	1	1	1	0	1	1	0	0	1	1	1	1	1	0	1	0	1	1	1	1	0	0	0	0	0	0	0	0	1	0	1	1	0	0	0	0	0	1	0	0	1	0	0	1	1	1	0	1	1	0	0	1	1	 -6593939053301689421
0	1	0	1	0	1	0	0	0	0	1	0	0	0	1	1	1	1	1	0	0	0	1	1	1	0	0	0	0	1	0	1	0	0	0	0	0	1	0	1	0	1	0	0	1	0	0	1	0	0	1	1	0	0	1	0	0	1	0	0	1	1	0	1	 6062939683829658189
1	1	1	1	0	0	1	0	1	1	0	1	1	1	1	1	0	1	0	0	0	1	0	1	0	1	0	0	0	1	1	1	1	1	1	0	1	0	0	0	1	1	1	1	1	0	1	0	1	0	1	0	1	0	0	1	0	0	1	0	0	0	1	0	 -945961221570778846
1	0	0	1	0	1	1	0	0	0	1	0	1	0	1	0	0	1	1	0	1	0	0	0	1	1	0	1	0	1	0	1	0	0	0	0	1	1	1	0	1	1	1	0	0	0	1	1	1	0	0	1	0	1	1	1	1	0	1	0	1	1	0	1	 -7626167754711394387
1	0	1	0	1	1	0	1	0	1	1	1	0	1	0	1	1	1	1	0	0	0	0	0	1	1	1	0	0	1	0	1	0	1	1	0	1	0	1	0	1	1	1	0	0	0	0	0	0	0	1	1	1	0	1	0	1	0	1	1	0	0	0	0	 -5947600456927659344
1	0	1	1	1	0	1	1	1	1	0	1	1	0	1	1	0	0	1	0	0	0	0	1	0	1	0	1	0	1	0	0	0	1	1	0	1	0	0	0	1	1	0	1	1	1	0	1	0	0	0	0	0	0	0	1	0	0	1	1	0	0	0	1	 -4910294322297110223
1	1	1	0	0	1	1	0	1	1	1	1	1	1	0	0	0	1	1	0	0	1	1	0	0	0	0	0	1	0	1	1	0	0	1	1	1	1	0	0	1	0	0	1	1	0	1	0	1	0	0	1	0	0	1	1	1	1	0	0	0	0	0	0	 -1802453552407604288
0	0	1	0	0	0	0	0	0	1	0	1	0	0	0	0	1	1	0	0	1	1	1	1	1	0	0	0	1	0	1	1	0	0	1	0	0	1	1	1	0	1	1	0	1	1	1	1	0	0	0	1	1	0	0	1	1	0	1	0	0	0	0	1	 2328589203919542689
1	1	0	1	1	0	0	0	1	0	0	0	0	0	0	1	0	0	0	0	0	0	1	1	1	1	0	1	0	0	1	0	1	1	1	0	0	0	0	1	1	0	1	0	0	1	0	1	0	0	0	1	1	1	0	0	0	1	0	1	0	0	0	0	 -2845989285257733040
1	0	1	1	0	0	1	1	1	1	0	1	1	0	0	0	0	1	0	0	1	0	1	1	0	1	0	1	1	1	0	1	1	0	1	1	1	0	1	1	1	1	0	0	0	1	1	0	0	1	1	0	0	1	1	1	0	0	0	0	1	0	1	0	 -5487553279996565750
0	0	0	1	1	1	0	1	1	0	0	1	0	0	1	1	1	1	0	1	1	1	0	0	0	1	1	1	0	0	0	0	0	0	0	1	1	0	1	1	0	0	1	1	1	1	0	0	0	1	0	0	1	1	0	1	1	0	1	1	1	0	0	0	 2131289422727761336
0	1	1	0	0	1	1	0	0	0	1	1	1	1	0	0	1	1	0	0	0	1	1	1	1	1	1	0	1	0	0	1	0	1	0	1	0	0	0	1	1	1	1	1	0	0	1	1	1	1	0	0	1	1	0	0	1	1	0	0	0	0	0	0	 7366982895387528384
0	1	0	0	0	0	0	0	1	0	0	1	0	0	0	1	1	0	1	0	1	0	0	0	0	1	1	0	1	0	1	1	0	1	0	1	1	0	1	1	0	0	1	0	1	1	1	1	1	1	0	1	1	1	0	1	1	1	0	1	0	0	0	0	 4652685069095263696
1	1	1	0	0	0	1	0	0	1	1	1	1	1	0	1	1	0	0	0	0	1	1	1	1	0	0	1	1	1	1	1	0	1	0	1	1	0	1	1	0	0	0	0	1	0	1	0	1	0	0	0	1	1	1	1	0	0	0	0	0	1	0	0	 -2126394330552037628
1	0	0	1	0	1	1	1	0	0	1	1	1	0	0	0	1	0	0	0	1	1	1	1	0	0	0	0	1	1	0	1	1	1	0	0	0	0	0	1	0	0	1	0	0	0	1	0	1	0	1	0	0	0	0	0	0	0	1	1	1	0	1	1	 -7550127486049017797
0	0	1	1	1	1	0	0	0	1	0	0	1	0	1	1	1	0	0	1	0	1	0	0	0	0	1	0	1	0	1	1	1	1	0	1	0	1	1	1	1	0	1	0	1	0	1	0	1	1	0	0	0	1	0	1	1	1	1	0	1	0	1	0	 4344729181551773162
1	1	1	1	0	1	1	0	0	0	1	1	1	1	1	1	0	0	0	1	1	1	1	1	0	0	0	0	0	1	0	1	1	1	0	1	1	0	0	1	0	0	0	1	1	0	0	0	1	0	0	1	1	1	0	1	0	0	0	0	0	0	1	1	 -702808906868941565
0	0	1	0	0	0	1	1	1	0	0	1	1	1	0	0	0	0	1	1	1	0	0	1	0	1	0	1	0	0	1	0	0	0	0	0	1	0	1	0	0	1	1	0	0	1	0	1	0	0	1	1	1	1	0	1	0	0	0	0	1	1	1	1	 2565988912218848527
1	0	0	1	1	1	0	0	0	1	0	0	0	1	0	0	1	0	0	1	1	1	0	1	0	0	0	0	0	1	1	0	0	1	1	0	1	0	0	0	0	1	1	1	1	0	0	0	0	0	0	0	1	1	1	1	0	0	0	0	0	1	0	0	 -7186446454528405756
1	1	0	0	1	1	1	0	0	0	1	0	1	0	1	0	0	1	1	0	0	0	0	1	0	1	0	0	1	1	1	1	0	1	0	1	0	1	1	1	0	1	0	0	1	0	0	0	1	0	0	1	1	1	1	1	0	1	1	1	0	0	1	1	 -3590950759479861389
0	1	1	1	1	1	0	0	1	0	1	0	0	1	0	0	0	0	0	0	1	1	0	1	1	1	1	0	1	1	0	1	1	1	1	0	0	0	1	1	1	1	1	1	0	0	0	1	0	1	1	1	0	0	0	0	0	0	0	0	1	0	0	1	 8981318872266272777
0	0	1	0	0	0	0	1	0	0	1	1	0	0	1	1	0	0	0	1	0	1	0	1	1	1	0	1	0	0	1	1	1	0	1	1	0	1	1	0	1	1	1	1	1	0	1	0	0	0	1	0	1	1	0	1	0	1	1	0	0	1	1	0	 2392279826115997030
1	1	0	1	1	0	0	0	0	0	0	1	1	0	1	1	1	1	1	0	0	0	1	0	0	0	1	1	0	0	1	0	0	0	0	0	0	1	1	1	1	1	0	0	0	1	1	0	0	1	1	0	1	1	1	0	1	0	1	1	0	0	0	1	 -2874455232639242575
1	0	1	1	1	1	0	0	1	1	1	0	1	0	1	1	1	0	1	0	1	1	1	0	0	0	1	1	0	0	0	0	0	1	0	0	0	1	1	1	1	1	1	1	1	0	0	1	1	1	0	0	0	0	1	1	0	0	1	1	1	1	0	1	 -4833578252662881475
1	1	1	0	0	0	0	1	1	1	0	0	1	0	1	1	0	0	1	1	0	0	0	0	1	0	0	0	0	1	0	1	0	1	1	0	0	0	0	0	0	0	0	1	0	1	1	1	0	0	1	1	1	0	0	0	0	0	0	1	0	1	0	1	 -2176592645502584811
1	1	0	1	1	1	0	0	0	1	0	0	1	0	1	0	0	1	1	1	1	0	0	0	0	0	1	0	1	1	0	1	1	0	0	0	0	0	0	1	0	0	1	1	1	1	1	1	0	0	1	0	0	0	0	0	0	1	0	0	1	0	1	1	 -2573112100251557813
0	1	0	0	1	0	1	0	1	0	0	0	0	1	0	1	0	0	1	0	0	1	1	0	1	1	1	1	1	0	1	0	0	1	0	0	1	0	0	1	1	1	1	1	1	1	1	0	1	0	1	0	0	1	0	0	0	0	0	0	0	0	1	0	 5369740987134288898
1	1	0	1	0	1	1	0	0	0	0	0	1	0	0	1	1	1	0	1	0	0	1	0	0	1	1	1	1	1	1	0	1	1	0	1	0	1	1	0	0	0	1	1	0	1	0	1	1	1	1	1	1	1	0	0	1	0	1	1	0	0	0	1	 -3023654232601002831
1	1	1	1	0	1	0	0	0	0	0	1	1	1	1	1	0	1	1	0	0	0	0	1	1	0	0	0	0	0	1	1	1	0	1	0	1	1	0	0	0	0	1	1	1	0	0	0	1	1	0	0	0	1	0	0	1	0	0	1	1	0	0	0	 -855858186019093352
0	1	1	0	0	0	0	1	1	1	1	0	0	0	1	1	1	1	0	0	0	1	0	1	0	1	0	0	1	1	0	1	1	1	0	0	1	1	1	1	0	0	0	1	0	1	1	0	0	1	0	1	1	0	0	1	1	1	0	0	0	0	1	1	 7053698379369830851
0	0	1	0	1	0	1	0	0	1	1	0	1	1	0	1	1	1	1	0	1	0	1	0	0	1	1	0	1	1	1	1	1	0	1	1	0	0	1	1	0	1	1	1	0	1	1	1	1	1	0	0	1	1	1	1	1	1	1	1	0	0	0	0	 3057357487527677936
0	0	1	0	1	1	0	0	0	1	1	1	1	0	1	0	0	0	0	1	0	0	0	0	0	1	1	0	1	0	1	1	1	1	0	0	0	1	1	1	1	1	0	0	0	1	1	0	1	0	1	0	0	0	0	0	0	0	0	0	1	0	0	1	 3204892139926757385
0	0	0	1	0	0	1	1	0	0	0	1	0	0	1	1	1	1	0	0	1	1	0	1	1	1	0	0	1	1	0	1	1	1	1	1	0	0	1	0	0	0	1	1	1	1	1	0	1	0	0	0	0	1	1	0	0	0	1	1	1	0	0	0	 1374668595694306872
0	0	0	1	0	0	0	1	1	0	0	0	1	1	1	1	0	1	0	1	0	0	1	1	1	0	0	1	1	0	1	1	1	0	0	0	1	1	1	1	1	1	1	1	1	1	1	0	1	1	1	0	0	0	1	0	1	0	0	0	1	1	1	0	 1265321947915281038
1	0	0	0	0	1	1	1	0	1	0	0	1	0	0	1	1	1	1	1	0	1	1	0	1	1	0	0	0	0	1	1	1	1	0	1	0	1	1	0	1	0	0	1	1	0	0	1	0	1	0	1	1	1	0	0	1	0	0	0	1	0	0	0	 -8698149884309971832
1	0	1	0	0	1	0	0	0	0	0	1	0	1	1	0	0	1	0	1	1	1	1	1	0	0	0	0	0	0	1	0	1	1	0	0	0	1	1	0	0	1	0	0	1	0	1	0	0	1	0	1	0	1	1	0	1	1	1	1	1	0	0	1	 -6623001736480401671
0	0	0	0	0	0	0	1	0	1	0	1	0	0	1	1	1	1	0	0	1	0	0	1	0	1	0	0	1	1	1	1	0	1	0	0	1	1	1	0	0	0	1	0	1	1	0	0	0	0	1	1	0	0	0	0	1	1	1	0	1	0	1	0	 95641359556030698
0	1	0	0	1	1	0	0	0	1	1	1	0	1	0	1	0	1	1	0	0	0	1	1	0	1	1	0	1	0	0	0	1	0	0	1	1	0	0	1	0	1	1	1	1	0	0	1	0	1	1	1	0	1	0	1	0	0	1	1	0	1	0	0	 5509419020060292404
0	0	1	1	1	1	0	1	0	1	1	0	1	0	1	0	1	1	0	0	0	0	0	0	0	0	1	1	0	0	1	1	0	1	0	1	1	0	0	1	0	0	0	1	1	0	1	0	0	1	0	0	0	0	1	1	1	1	1	1	0	0	1	0	 4425560910615692274
1	0	1	0	0	0	1	1	1	1	1	0	1	0	1	1	1	0	0	0	0	1	0	1	1	1	1	1	0	0	1	1	0	0	1	0	0	0	0	0	0	1	1	0	0	1	0	0	1	0	1	1	0	0	1	0	0	1	1	1	0	0	1	1	 -6635062346733276557
1	0	1	1	0	1	0	0	0	1	0	1	1	1	1	1	1	1	0	0	1	0	1	0	1	1	1	1	1	0	0	0	0	0	0	0	0	0	1	1	0	0	1	1	1	1	1	1	1	0	1	0	0	1	1	0	1	0	1	1	1	1	0	1	 -5449413857539807555
0	1	0	1	0	0	1	0	0	0	0	1	1	0	0	0	1	0	0	1	1	0	0	1	0	0	0	0	0	1	0	0	1	0	1	1	0	0	0	1	1	0	0	1	0	0	0	0	0	0	0	0	0	1	1	0	1	0	1	1	0	0	1	1	 5915646355989071539
1	0	1	1	1	0	0	0	0	0	0	1	1	0	1	1	1	0	0	0	1	0	0	1	0	0	0	1	0	0	0	0	1	0	1	1	1	1	0	0	1	0	1	1	1	1	1	0	1	1	0	0	0	1	1	0	1	0	0	0	0	1	0	0	 -5180396241380522364
0	0	0	0	0	1	1	1	0	0	1	1	0	0	0	1	1	1	0	0	0	0	0	0	0	0	0	1	0	0	1	1	0	0	1	0	0	1	1	0	1	0	0	1	1	1	1	0	1	1	1	0	1	1	1	0	0	0	0	0	1	0	1	0	 518406620609179146
0	1	0	1	1	1	1	1	0	1	1	1	0	0	0	1	1	1	1	0	0	0	1	1	1	1	1	0	0	0	0	1	1	0	0	1	1	1	0	0	1	1	0	1	1	1	0	0	0	1	0	1	1	0	1	0	1	0	0	0	0	1	0	1	 6877528664110291589
1	0	0	1	0	0	0	0	1	1	0	0	1	1	0	0	0	0	0	0	0	0	0	0	1	0	0	0	1	1	1	0	0	1	0	0	1	0	0	1	1	1	1	1	1	1	0	0	0	1	0	0	1	0	0	1	1	0	1	1	0	1	0	0	 -8013029025872328268
1	0	0	1	1	1	1	1	0	0	0	1	1	1	0	1	0	0	1	0	1	1	1	1	1	0	1	0	1	1	0	1	0	0	0	0	1	1	0	0	1	1	1	1	0	1	1	0	0	0	0	0	1	1	0	0	1	1	1	0	1	1	1	0	 -6981371427061101330
0	0	1	1	0	1	1	0	0	1	1	1	1	0	0	0	0	1	1	1	1	0	0	1	0	1	0	1	0	0	1	1	0	1	0	0	1	1	1	0	0	0	0	0	1	1	1	1	0	0	0	0	1	0	0	0	0	0	1	0	1	1	0	0	 3925020473952241708
0	0	0	0	0	0	1	1	0	1	1	0	0	0	1	0	0	0	0	0	1	1	0	0	1	1	0	0	1	1	1	1	0	1	1	1	1	0	1	0	0	0	0	1	1	0	0	0	0	0	0	1	0	1	0	0	1	1	0	0	1	0	0	0	 243771415077590216
0	0	1	0	1	1	0	0	1	0	1	0	0	1	0	1	1	1	1	0	0	1	1	1	0	1	1	0	0	0	0	0	1	0	0	1	1	0	0	0	1	1	1	0	1	1	1	0	0	0	0	1	1	1	0	0	1	0	0	1	1	0	0	1	 3217231910894705817
0	0	0	0	1	0	0	0	1	1	1	1	0	0	0	1	1	1	1	1	0	1	0	1	1	0	0	1	0	0	1	0	1	0	0	0	0	1	1	1	0	0	1	1	0	0	1	1	0	1	0	1	0	0	0	1	1	0	0	1	0	0	1	1	 644566231373009299
1	1	0	1	0	1	0	1	0	1	0	0	1	1	0	1	0	0	0	0	1	1	1	1	0	1	0	1	0	1	0	0	1	0	0	0	0	0	0	0	1	0	0	1	1	0	1	1	0	1	1	1	1	0	1	0	1	0	0	1	1	0	1	1	 -3076786114814838117
1	0	1	0	1	0	1	0	0	1	1	0	0	1	1	1	1	0	0	0	0	1	0	1	0	1	1	1	0	1	0	0	0	1	1	0	0	1	0	1	1	1	0	0	0	0	1	0	0	1	0	0	1	1	0	0	0	0	1	0	1	1	1	0	 -6167814429690672082
1	0	1	1	0	1	1	0	1	0	0	0	1	1	1	1	1	0	1	1	0	0	1	1	0	0	0	1	1	1	0	1	0	1	0	0	0	1	0	1	0	1	0	0	0	1	1	1	1	0	0	0	1	1	0	1	0	1	1	1	0	0	1	1	 -5291814098839302797
1	0	0	0	0	0	0	1	1	1	1	0	1	1	1	1	0	0	1	1	0	0	0	0	0	0	0	0	0	1	1	0	0	0	1	1	0	0	1	0	0	0	0	1	0	1	0	1	1	0	0	0	1	1	1	1	1	1	1	1	1	1	0	0	 -9083989120214790148
0	1	1	0	0	1	1	0	1	1	1	1	0	1	0	1	1	0	1	0	1	1	0	0	1	1	0	0	1	1	0	1	1	1	0	1	1	0	0	1	0	0	1	1	1	1	1	0	1	1	0	1	0	0	1	0	1	1	1	1	0	0	1	0	 7419025961275806450
0	1	0	1	0	0	0	0	0	1	1	0	1	1	0	0	0	1	0	0	1	1	1	1	0	1	1	0	1	1	1	0	0	1	0	1	0	1	1	0	0	0	1	0	1	0	1	0	1	1	1	1	1	0	0	1	0	0	0	1	1	1	1	0	 5795094155829639454
0	0	1	0	0	0	1	0	1	0	0	0	1	1	0	0	0	0	0	1	0	0	0	0	0	1	1	0	1	1	0	1	0	1	0	0	1	1	1	0	1	0	0	0	1	0	1	0	0	1	1	0	0	1	0	0	1	1	1	1	0	1	0	1	 2489382755684214005
0	0	0	0	1	1	0	0	1	0	0	0	0	0	0	0	0	1	1	1	0	0	1	0	0	1	0	1	1	1	0	0	1	0	1	0	1	0	0	1	1	0	1	0	1	1	1	1	1	1	0	0	1	0	1	0	0	0	0	0	0	1	1	1	 900845667783526919
1	1	0	0	0	1	1	1	1	1	1	1	1	0	1	1	0	0	0	1	0	0	1	1	1	0	1	1	0	1	0	1	1	0	1	0	0	0	1	1	0	0	1	1	1	1	0	1	1	0	0	1	0	1	1	1	0	1	0	0	0	0	0	1	 -4036610970158786751
1	1	1	1	0	0	1	0	1	1	1	0	0	1	1	0	0	0	1	1	0	0	0	0	0	0	0	0	1	1	1	0	1	0	0	0	0	0	1	1	0	1	1	1	0	0	1	1	1	0	1	1	1	0	0	1	1	1	0	1	0	1	1	0	 -944014232994465322
0	0	1	1	0	0	1	1	0	1	1	0	1	0	0	0	0	0	0	1	0	1	0	1	1	0	0	0	1	1	1	1	1	1	1	0	1	0	0	1	0	1	1	1	0	1	1	0	0	0	1	0	1	0	0	1	0	0	1	1	1	1	1	0	 3704234401353574718
0	0	0	0	0	1	1	1	0	0	0	0	0	0	1	1	1	1	1	1	1	1	0	0	1	0	1	0	1	1	1	0	0	0	0	1	1	0	0	1	0	0	0	1	0	0	0	1	0	0	1	1	1	0	0	1	1	1	0	0	1	0	1	0	 505525407870695882
1	0	0	0	0	1	0	1	1	0	1	1	1	1	1	0	0	0	1	1	1	1	1	1	1	1	1	1	0	0	0	0	0	0	1	1	1	0	1	1	1	1	0	1	0	0	1	1	1	0	0	1	0	1	1	1	1	0	0	0	0	0	0	1	 -8809533520061687935
1	1	1	0	1	1	1	0	1	1	1	0	1	0	0	0	1	1	0	1	1	0	1	1	0	0	1	1	0	0	0	0	0	0	1	1	1	0	0	1	0	0	1	0	1	1	0	1	1	0	1	0	0	0	1	0	0	0	0	1	1	0	1	1	 -1231493497921625573
0	0	0	0	0	1	1	1	1	0	0	1	1	1	1	0	1	1	1	0	0	0	0	1	1	1	1	1	0	0	0	0	1	0	0	1	0	1	0	0	0	1	0	1	1	1	1	0	1	0	0	1	0	1	0	0	1	0	1	1	0	1	0	0	 549124627983406260
1	1	1	0	1	0	0	1	1	1	0	1	0	1	1	0	1	0	0	0	0	1	0	0	0	1	0	1	0	1	1	1	1	1	0	1	1	1	0	1	0	0	1	1	0	1	1	1	1	0	0	1	0	0	1	1	1	0	1	1	1	1	0	1	 -1596943504947833923
0	1	0	1	1	1	1	0	1	0	0	1	0	0	0	0	0	0	1	0	0	0	0	0	1	0	0	1	0	0	0	0	0	1	1	1	0	1	0	0	0	0	1	0	0	0	1	0	1	1	1	0	1	0	1	0	1	0	1	1	1	0	1	0	 6813982041007385274
0	1	1	1	1	1	0	1	0	1	1	0	0	1	0	1	1	1	0	1	0	1	0	0	1	1	1	1	0	1	1	1	1	0	0	0	0	1	0	1	1	1	1	1	0	1	0	0	1	0	1	0	0	0	1	1	0	0	0	0	1	1	0	1	 9035862386958181133
0	1	1	1	1	1	0	0	0	1	0	1	0	0	0	0	1	1	0	0	1	1	0	0	0	1	1	1	0	1	0	1	1	0	0	0	1	1	0	0	0	1	1	0	1	0	0	0	1	0	1	0	0	1	0	0	0	1	0	1	0	1	1	0	 8957884464078824534
0	1	0	1	0	1	1	0	0	0	0	1	0	1	1	1	0	0	1	1	0	0	1	1	0	1	1	1	0	0	0	1	0	1	1	0	1	1	1	0	0	1	0	0	0	1	1	0	1	0	1	1	1	0	0	1	1	1	1	0	0	1	1	0	 6203483574000597478
1	1	0	0	1	1	0	1	1	1	0	0	1	1	1	1	1	0	1	0	1	1	1	0	1	0	0	1	1	0	1	0	0	1	0	1	1	0	1	1	0	0	0	1	0	0	1	0	0	0	0	0	1	0	0	0	1	1	0	1	0	1	1	1	 -3616479997779113769
0	1	0	1	0	1	1	0	1	1	1	1	0	0	1	1	0	1	1	0	0	0	0	0	0	1	1	0	0	0	1	1	1	1	0	0	1	1	0	1	0	1	1	1	1	1	0	1	0	1	1	0	0	1	1	1	1	1	1	0	0	1	0	0	 6265457488368068580
0	0	1	1	1	0	1	0	1	0	1	1	1	1	1	1	1	0	0	1	1	1	0	0	0	1	0	0	0	0	0	1	1	1	1	0	1	1	0	1	0	0	0	0	1	1	0	1	1	0	0	1	1	0	1	1	1	1	1	1	0	1	1	0	 4233273981715454966
0	0	1	0	1	1	1	1	0	1	0	1	1	1	0	1	1	1	1	0	1	0	0	0	1	1	1	1	1	0	0	0	1	1	1	0	0	0	0	1	0	1	1	1	0	1	0	0	1	1	1	0	1	0	1	0	1	1	0	1	0	1	0	0	 3413140248248773332
1	1	0	0	0	1	0	1	0	1	1	1	1	0	1	0	0	0	0	1	0	0	1	0	0	1	1	1	1	1	0	1	0	1	0	1	0	0	1	0	0	1	0	0	1	0	0	1	1	0	0	0	0	0	1	1	1	1	1	1	1	1	1	1	 -4217037771618286593
0	1	1	1	0	0	0	0	0	1	1	1	0	0	1	0	0	1	0	0	1	1	1	0	0	1	0	0	0	1	0	0	1	1	1	1	1	1	1	1	1	0	0	0	0	1	1	1	0	1	0	0	0	0	1	1	0	0	0	0	0	1	1	0	 8102624737844740870
1	1	0	1	0	0	1	0	0	1	0	1	1	1	0	1	1	0	0	1	1	0	1	1	0	1	1	1	0	1	0	0	0	1	0	1	1	0	0	0	1	1	1	1	1	0	0	0	1	1	1	0	0	0	0	0	0	0	0	1	1	0	0	0	 -3288301228899377128
0	0	0	0	1	1	1	1	1	1	1	0	1	0	1	1	1	0	1	1	0	1	0	0	1	0	0	1	1	0	1	1	1	0	1	1	1	0	1	1	1	1	1	1	0	0	1	0	1	1	1	0	1	1	1	0	1	1	1	0	0	0	1	1	 1147209111062114019
0	0	1	1	0	0	0	1	0	1	0	0	1	0	1	1	0	0	1	0	0	1	1	1	1	1	1	0	1	1	0	0	0	0	1	0	0	1	0	1	0	1	1	0	0	0	1	1	0	0	0	0	0	0	0	1	0	1	1	1	1	0	0	0	 3551976626304778616
1	1	1	1	0	1	1	0	1	1	0	1	1	1	0	0	1	0	0	1	1	0	0	1	0	0	1	0	1	0	0	0	0	1	1	1	1	0	0	1	0	0	0	1	1	0	0	1	0	0	0	0	1	1	0	0	1	1	1	1	1	0	0	1	 -658483046393508615
1	0	1	0	0	1	0	1	0	1	1	0	0	1	0	0	1	1	1	1	1	1	1	0	1	0	1	1	1	0	0	1	0	0	0	1	1	1	1	0	0	0	0	0	0	1	0	0	0	1	1	1	1	0	1	1	1	0	0	0	0	0	0	1	 -6528813488754361471
1	0	0	0	1	1	0	1	1	1	0	0	0	0	1	1	1	0	1	0	1	1	0	1	1	0	0	1	1	0	1	0	1	1	0	1	0	1	1	1	0	0	0	1	0	1	0	0	1	0	0	0	0	0	1	0	0	1	0	0	1	0	1	0	 -8231544813358120374
1	1	1	1	1	0	0	0	1	1	0	1	1	0	0	0	1	0	0	1	1	1	0	1	0	1	0	0	1	0	1	1	1	0	1	0	1	0	0	0	1	1	0	0	0	0	1	0	0	1	0	1	0	1	1	0	1	1	0	0	0	0	1	0	 -515489209054505278
0	0	1	0	0	0	0	0	0	0	1	1	0	1	0	1	0	0	1	1	0	0	0	1	1	1	1	1	1	0	0	0	0	0	0	1	0	0	0	0	1	1	1	1	1	1	1	0	0	0	1	0	0	1	0	1	0	0	0	1	0	1	0	1	 2320816124486100245
0	1	0	0	1	0	0	0	1	1	1	0	0	1	0	1	0	1	1	1	1	1	0	1	0	0	0	1	0	0	1	0	0	1	1	0	0	0	1	1	0	1	0	0	0	0	1	1	0	1	1	0	0	0	0	0	1	1	1	0	0	1	0	0	 5252742058325795044
0	0	1	0	0	0	1	1	0	1	1	1	0	1	1	1	1	0	0	1	1	1	0	0	0	0	1	1	1	1	1	1	0	1	1	1	0	1	1	0	0	0	1	1	1	0	0	1	1	1	0	1	1	0	1	0	0	0	1	0	1	0	0	0	 2555683109936421416
0	0	1	0	1	1	1	1	1	0	0	0	0	1	1	1	1	1	0	0	0	0	1	0	1	1	1	0	1	1	0	1	1	1	1	0	0	1	0	1	1	0	1	1	1	1	0	1	0	0	0	1	1	1	1	1	1	1	0	1	1	0	1	0	 3424920368655966170
1	1	1	0	1	1	0	0	1	1	0	0	0	1	1	1	1	0	1	0	1	0	1	0	0	1	0	0	1	1	0	1	1	0	0	1	0	0	1	0	0	1	0	0	0	1	0	1	0	1	1	0	0	1	0	0	0	0	1	0	0	0	0	1	 -1384951110249913311
1	0	0	1	1	0	0	0	1	0	1	1	0	0	1	1	1	1	1	0	1	1	0	1	0	1	0	0	1	0	0	1	1	1	0	0	0	1	0	0	1	1	1	0	0	0	0	0	1	0	0	1	1	0	0	0	0	1	1	1	1	1	0	0	 -7443344858021848964
1	1	1	1	0	1	0	1	1	1	0	0	1	0	1	1	1	0	1	0	0	0	1	1	1	0	1	0	1	1	1	0	1	1	1	1	1	1	0	0	1	0	0	0	0	0	1	1	0	0	0	1	1	0	1	0	0	0	0	1	0	0	1	1	 -735314142188856813
0	1	1	1	1	0	0	0	1	1	0	0	0	0	0	1	0	1	1	0	1	0	1	1	0	1	0	1	1	1	0	0	0	0	0	0	1	0	1	1	1	0	0	1	1	1	1	1	0	0	0	0	1	1	0	0	0	1	0	1	0	1	0	0	 8701353998132644948
1	0	1	1	1	1	1	1	0	1	1	1	0	1	1	0	0	0	1	0	0	1	1	1	0	1	0	0	1	0	1	0	0	1	0	1	0	1	0	1	1	0	1	1	1	1	1	1	1	1	0	1	0	0	1	1	0	0	1	1	0	1	1	0	 -4650486364993760458
1	1	1	0	0	1	1	0	0	1	1	0	0	0	1	0	0	0	0	1	0	1	0	1	0	1	1	0	0	0	0	0	1	1	1	1	0	0	1	1	1	0	0	0	0	0	0	0	1	0	0	1	0	0	1	1	1	0	0	0	0	1	0	0	 -1845889391122148476
1	1	0	1	1	0	0	0	0	0	1	1	1	1	0	1	1	0	1	1	1	0	0	0	1	0	0	0	1	0	1	0	0	0	0	1	0	1	0	0	0	0	0	0	0	0	0	0	1	1	0	1	1	0	1	1	1	1	0	0	1	0	1	0	 -2864930884757169206
1	0	1	1	0	1	1	0	0	0	0	0	1	0	1	0	0	1	0	1	1	0	1	0	0	0	1	0	0	1	1	0	0	0	0	1	0	1	0	1	0	1	0	1	0	1	1	0	1	0	1	0	1	1	1	0	0	1	1	1	0	0	1	0	 -5329348089426301326
0	0	1	0	1	1	0	1	1	1	0	0	1	1	0	0	0	1	0	1	0	0	1	0	1	1	0	1	1	0	0	1	0	0	1	0	0	0	0	1	0	0	0	0	0	1	1	1	0	1	0	1	1	0	0	0	1	1	1	1	1	0	0	1	 3300103719471241465
1	0	0	1	1	1	0	1	0	0	1	1	0	0	0	0	0	0	1	0	0	0	1	0	0	1	1	1	1	1	0	1	0	0	0	0	0	0	0	0	0	1	0	0	1	0	0	0	0	1	1	1	1	0	0	1	0	0	1	1	1	0	1	0	 -7120153090601748166
1	0	1	1	0	0	0	1	1	0	1	1	0	0	1	1	1	1	1	1	0	0	0	1	0	1	1	1	0	1	1	0	1	0	1	1	0	1	0	0	1	1	1	1	1	1	1	0	1	0	1	1	1	0	0	1	0	0	0	1	0	0	0	0	 -5641900416020072176
0	0	1	1	1	1	0	1	0	0	0	1	0	0	0	1	0	0	1	0	0	1	1	0	0	0	1	1	1	0	0	0	0	1	0	1	1	0	1	1	0	0	1	1	0	0	0	1	0	1	1	0	1	1	1	0	1	0	0	0	1	0	1	1	 4400340334407675531
1	0	1	0	1	1	1	1	1	1	0	0	0	1	0	0	1	0	1	0	0	1	1	1	1	0	0	1	1	0	1	1	1	1	0	1	1	0	0	0	1	1	0	1	0	1	1	0	0	0	0	0	0	0	1	1	0	1	0	0	1	1	0	1	 -5781311733837200563
1	1	1	0	0	1	0	1	1	0	0	1	1	1	1	0	0	0	1	0	0	1	0	0	0	0	1	0	1	0	0	1	1	1	0	1	1	0	1	1	1	0	1	1	0	0	1	1	1	1	1	0	0	1	1	1	1	1	0	0	0	1	1	0	 -1901042230505510970
1	1	1	0	0	0	1	1	0	1	0	0	0	0	0	0	0	0	1	1	0	0	1	0	0	1	0	0	1	1	0	1	0	0	1	0	1	1	1	1	0	0	0	0	1	1	1	0	0	0	1	1	1	1	1	1	0	0	0	0	0	0	1	1	 -2071600521507094781
1	0	0	0	1	0	1	0	1	0	1	0	0	1	1	0	1	0	0	1	0	0	0	0	1	1	0	0	0	0	0	1	1	0	1	0	0	1	0	1	1	1	1	1	1	0	1	1	1	1	0	1	1	0	1	0	1	0	1	1	0	0	1	1	 -8455912088953693517
1	1	0	1	0	0	1	0	1	0	0	0	0	1	1	0	0	0	0	1	1	0	0	1	1	1	0	0	0	1	1	0	0	1	1	0	1	1	1	0	1	0	1	0	0	1	1	0	1	1	0	0	1	0	1	1	1	0	0	1	0	0	1	0	 -3276903338814813294
0	0	0	0	0	1	0	0	0	1	0	1	1	1	1	1	1	1	0	0	1	0	1	0	0	1	1	0	0	0	0	1	0	1	0	1	1	1	1	1	0	1	0	1	0	0	0	1	1	1	0	1	1	0	0	1	1	0	1	0	0	0	1	1	 315193018499062179
1	0	1	0	0	1	1	1	1	0	0	1	0	0	0	1	0	1	0	1	0	1	1	1	0	1	1	1	1	0	0	0	1	0	1	0	1	0	1	0	0	1	0	0	1	0	1	0	0	0	0	0	1	0	0	0	0	1	0	0	1	0	1	1	 -6372215821987870645
1	0	0	0	1	1	0	0	0	0	1	1	0	1	0	0	0	1	1	1	0	1	1	0	0	0	0	1	1	0	1	1	1	0	0	0	1	0	1	1	1	0	1	1	1	0	1	0	1	1	1	1	0	1	0	0	1	1	1	1	1	0	1	0	 -8343914348930206470
0	0	1	1	0	0	0	1	0	1	1	0	0	0	0	0	1	1	0	1	0	0	1	1	1	0	1	1	1	0	0	1	1	0	0	1	1	0	1	0	1	0	1	0	0	1	1	0	0	0	1	0	0	1	1	0	1	0	1	1	1	1	1	1	 3558076499739682495
0	0	1	0	0	1	1	1	1	1	0	1	0	1	1	1	1	1	0	0	1	1	0	0	0	0	0	0	0	0	1	0	1	0	0	0	0	0	1	1	1	0	0	1	1	0	1	1	0	1	0	0	0	1	1	0	0	1	0	1	0	0	0	1	 2870987598641972817
0	0	1	0	0	0	1	0	1	0	0	0	1	0	0	0	1	0	0	0	0	0	0	0	1	0	0	1	0	0	0	1	0	0	0	0	0	0	1	1	0	0	1	0	1	1	1	0	0	0	1	0	0	1	1	1	0	1	0	0	1	0	0	0	 2488380154434168648
0	1	0	1	0	1	1	1	1	1	0	1	1	1	0	1	0	1	1	0	0	0	0	1	1	0	1	1	0	1	0	1	0	0	0	0	1	1	1	1	1	0	1	1	1	1	1	0	1	0	0	1	0	1	0	0	1	0	1	0	1	1	0	1	 6331324081433908397
1	0	1	0	1	1	0	1	1	0	1	0	1	0	1	0	1	1	1	1	1	0	1	0	1	0	1	1	0	1	0	1	1	1	1	0	0	1	0	0	1	0	0	0	0	1	1	1	0	0	0	1	1	0	1	0	0	0	0	0	1	0	1	0	 -5932653899977123318
0	1	1	0	1	0	1	1	1	0	0	0	1	1	1	1	1	0	1	1	0	0	1	0	1	0	1	1	0	0	1	1	0	1	1	1	0	1	0	0	1	0	1	0	1	1	0	1	1	1	0	1	0	0	1	0	0	0	1	0	0	0	1	1	 7750609967554351651
1	1	1	0	0	1	1	1	0	1	0	0	0	1	0	1	1	1	0	1	0	0	0	0	1	0	1	1	1	0	0	0	1	1	0	0	0	0	0	1	1	1	0	0	1	1	1	1	0	0	0	0	1	1	1	1	0	0	1	1	1	1	0	1	 -1781788585611030723
0	1	1	0	0	0	0	0	1	1	1	0	1	0	0	0	1	0	1	0	1	1	0	1	1	1	1	1	1	1	0	0	0	0	1	1	0	0	1	1	0	0	1	0	1	0	1	1	0	1	1	0	1	0	0	1	1	0	0	1	0	0	0	0	 6983022520939800976
1	1	1	0	1	0	1	1	0	0	0	0	1	0	1	1	1	1	0	0	1	1	0	0	1	0	0	0	0	0	0	1	1	1	1	0	1	0	1	0	0	1	0	1	0	1	1	0	1	0	1	1	1	0	0	1	1	0	0	1	1	1	1	0	 -1509888391698269794
0	1	1	0	0	1	0	1	0	1	0	0	0	1	0	0	1	1	0	0	0	0	1	0	0	1	1	1	1	0	0	0	1	1	1	1	1	1	1	1	1	0	0	0	0	1	0	1	0	1	0	0	1	1	1	0	0	1	0	1	0	1	1	1	 7297171121185836631
0	1	0	1	0	1	1	1	0	1	1	0	1	1	1	0	1	0	1	0	0	0	1	0	0	1	0	1	0	0	1	0	0	1	0	0	0	0	0	1	1	0	1	0	0	1	0	1	1	1	1	0	1	0	0	1	1	0	0	1	0	0	1	1	 6300151402910312851
0	1	1	1	1	1	0	1	1	1	0	1	0	0	0	1	0	0	0	1	1	0	0	0	1	0	0	0	1	1	1	1	1	0	0	1	1	0	0	0	0	1	0	1	0	0	1	0	1	1	1	1	1	1	0	1	1	1	0	1	0	0	0	0	 9066054529888484816
1	0	0	1	1	0	0	0	0	1	1	1	0	0	1	1	0	0	0	0	0	1	0	1	1	1	0	1	1	0	0	0	0	1	1	0	1	1	1	1	1	1	0	1	1	0	0	0	0	1	0	0	1	0	1	1	0	1	1	1	1	1	1	1	 -7461613730475259009
0	0	1	1	1	0	0	1	0	1	0	0	1	1	1	0	0	1	1	1	0	0	1	0	0	1	1	1	0	0	1	0	0	1	0	1	1	1	1	0	0	0	1	1	1	0	1	1	0	0	0	0	1	1	1	0	0	0	0	0	0	1	0	0	 4129363743878090244
1	0	1	0	0	0	1	0	0	1	1	0	0	0	1	1	0	1	0	1	0	1	0	1	1	0	1	0	0	0	1	1	1	0	0	1	1	1	0	1	1	0	0	0	1	1	0	1	1	1	1	0	0	0	0	0	0	1	0	1	0	1	0	0	 -6745453655659519916
1	1	0	1	0	0	1	0	0	0	0	1	1	0	0	0	1	1	1	0	0	1	0	1	1	0	0	1	0	0	0	1	1	0	1	1	0	1	0	0	0	1	1	0	0	1	0	1	1	1	1	1	1	0	0	0	0	1	0	1	0	0	0	0	 -3307641512344029104
1	1	1	1	1	0	0	1	0	1	0	0	1	0	0	0	0	0	1	1	1	1	0	0	0	1	0	1	1	1	1	1	1	1	1	0	0	1	1	1	1	0	1	1	0	0	0	0	1	0	0	0	1	1	1	0	1	1	0	1	1	0	0	0	 -484070577335660840
1	0	1	1	0	0	1	0	1	0	1	0	1	0	0	0	0	0	0	0	1	1	1	0	1	0	0	0	0	1	0	1	1	1	0	0	1	0	0	0	1	0	1	0	0	1	0	0	1	0	1	0	0	1	0	0	0	0	0	1	0	0	0	1	 -5573188571111316463
1	0	1	1	1	0	0	1	0	1	1	0	1	0	0	0	0	1	0	1	0	0	1	1	0	1	1	0	1	0	0	1	0	1	1	0	1	0	0	1	0	0	0	1	1	0	0	1	0	1	0	0	1	0	1	1	0	0	0	1	1	0	1	1	 -5086724066915038437
1	0	1	1	1	0	0	1	0	1	0	0	0	1	1	0	0	1	1	0	0	0	1	0	0	0	0	0	0	1	0	1	1	1	1	1	1	0	1	1	1	0	1	0	0	1	0	1	0	1	1	0	1	0	1	0	0	0	1	0	1	1	0	1	 -5096278150486857171
0	0	0	0	1	0	1	0	0	1	0	0	0	1	0	0	0	0	1	0	0	0	1	1	0	1	1	0	0	0	1	1	1	0	0	0	1	1	1	0	1	0	1	1	1	1	0	0	0	0	0	1	0	0	0	1	0	0	1	1	1	1	0	1	 739755149299028285
0	0	1	1	1	1	1	1	1	0	0	1	1	1	0	1	1	1	1	1	0	1	1	1	0	1	0	0	1	0	1	1	1	0	1	1	1	0	1	1	0	0	1	0	1	0	0	0	0	1	0	1	1	1	1	1	0	0	0	0	1	1	0	0	 4584091900367625996
1	0	0	0	1	0	0	1	1	0	1	0	1	1	1	1	0	0	1	0	1	1	0	1	0	1	0	1	1	1	0	1	0	1	1	1	1	1	0	1	0	1	0	0	1	1	1	0	0	0	0	0	0	1	0	1	0	1	0	0	1	1	0	0	 -8525545690031585972
1	0	1	0	1	0	0	0	1	1	0	0	0	0	0	0	0	0	1	0	0	0	0	1	0	0	0	0	0	1	0	0	0	1	1	0	1	0	0	0	1	0	1	0	1	1	0	0	1	0	1	1	0	1	0	0	0	1	1	1	0	1	1	0	 -6286988776989477770
1	0	0	0	1	1	0	1	1	1	1	0	0	0	1	0	0	0	0	1	0	1	0	0	0	0	0	0	1	1	1	0	1	1	0	0	1	1	1	1	1	1	0	0	0	1	1	0	0	1	0	1	0	1	0	0	0	0	1	0	1	1	0	1	 -8222987915777125331
0	0	1	0	1	1	1	1	0	1	0	1	1	1	1	0	0	0	1	0	1	0	1	0	0	0	0	0	0	0	1	1	0	0	0	0	0	1	1	0	1	1	0	1	0	1	0	1	0	1	0	0	1	1	0	0	1	0	0	1	1	0	1	0	 3413211760081325210
0	1	1	1	1	1	0	1	1	1	0	1	0	0	0	1	1	1	0	0	1	1	1	0	1	1	0	1	0	1	1	1	0	1	0	0	1	1	1	1	0	1	1	1	1	0	0	0	1	0	1	1	0	1	1	1	0	0	1	0	0	0	0	0	 9066254949020120864
0	1	0	0	1	0	0	1	0	0	1	1	0	1	0	1	1	1	1	1	0	0	1	1	0	1	0	1	0	0	1	0	0	0	0	0	0	0	1	1	0	0	0	1	1	1	0	1	0	1	0	0	0	0	0	0	0	0	1	1	0	0	0	0	 5275390072099520560
0	1	0	1	0	1	0	0	1	0	0	1	1	0	0	0	1	1	0	0	0	0	1	1	0	0	1	0	1	1	1	1	1	0	1	0	1	1	1	0	0	1	0	0	1	0	0	0	1	1	0	0	1	1	1	1	1	0	0	0	1	1	0	1	 6095836705200852877
1	1	1	1	1	0	1	1	0	1	0	1	0	0	1	0	1	1	0	1	0	1	1	0	0	1	0	0	0	0	0	0	1	1	0	0	1	0	0	0	0	1	1	0	0	1	0	0	0	1	1	1	1	0	1	0	1	0	0	1	1	1	0	1	 -336971448371086691
0	0	0	1	0	1	1	0	0	0	0	1	1	1	0	1	0	1	0	1	1	1	0	1	0	0	0	1	1	0	0	0	1	1	0	0	0	1	0	0	0	1	1	0	0	1	1	1	0	0	1	1	0	0	1	0	0	0	0	1	0	0	1	1	 1593532204114719251
1	0	0	0	1	0	0	1	1	1	1	1	0	1	0	0	1	0	0	1	1	0	0	0	1	1	1	1	1	1	1	0	0	1	1	1	0	0	1	1	1	0	1	1	1	0	1	0	0	0	1	0	0	0	1	1	1	1	0	1	0	1	1	1	 -8506005577565330473
0	0	0	0	1	0	0	1	1	1	0	0	0	0	1	0	0	1	1	1	0	1	1	0	0	1	0	1	0	0	0	1	0	0	0	1	0	0	0	0	1	0	1	0	0	0	0	0	0	1	0	0	1	0	0	1	1	1	0	1	0	1	1	1	 703254582366587351
0	1	1	0	0	1	1	1	0	1	0	0	0	1	0	0	1	1	0	0	0	1	0	0	0	0	1	1	1	0	0	0	1	0	1	0	0	1	0	0	0	1	1	1	0	1	1	1	1	0	1	1	0	1	1	0	0	0	0	0	1	0	0	1	 7441288231879423497
0	1	0	0	0	1	1	1	1	0	0	1	1	1	0	0	0	1	0	1	0	1	1	1	1	1	1	1	1	1	0	0	0	1	1	0	1	1	1	1	0	0	1	0	1	0	0	1	0	0	1	1	1	0	0	0	0	0	0	0	1	0	0	0	 5160096014768093192
0	1	0	0	0	0	1	0	0	1	1	0	1	1	0	0	1	0	0	1	0	0	0	0	0	1	1	0	1	1	0	1	1	0	0	0	1	1	0	1	1	0	1	1	1	1	0	0	0	1	0	1	1	0	1	1	1	1	0	0	0	0	1	1	 4786359304191761347
0	1	0	1	1	1	1	1	1	1	1	1	0	1	1	0	1	0	1	0	0	1	1	1	0	1	1	1	0	0	1	1	1	1	1	0	0	1	1	0	1	1	0	0	0	1	0	0	1	1	1	1	1	1	1	0	0	1	1	1	0	0	0	1	 6914898394108722801
0	0	0	1	1	1	0	1	0	1	0	1	0	0	0	1	0	1	1	1	1	0	1	1	0	1	0	1	1	0	1	0	0	0	1	1	0	1	1	1	0	0	0	0	0	1	0	0	1	1	1	1	1	1	0	0	0	0	0	0	1	0	0	0	 2112605327613819912
0	0	1	0	1	1	0	1	1	0	0	1	1	1	1	1	0	0	0	1	0	0	1	1	1	0	1	0	0	1	1	1	0	1	0	0	1	0	1	0	1	1	0	1	0	0	0	1	1	1	1	0	0	0	0	1	1	0	1	1	1	1	1	0	 3287367862239486398
0	1	0	1	0	1	1	0	1	0	1	0	0	1	0	0	1	0	0	1	0	1	0	1	1	1	1	1	0	1	0	0	1	1	0	0	1	0	1	1	1	1	1	0	1	0	0	0	1	0	1	0	0	1	1	1	1	1	0	1	0	1	1	0	 6243279862067931094
1	1	1	1	0	0	0	0	0	0	1	0	0	1	1	1	1	1	0	1	0	1	0	0	0	0	0	0	1	0	1	1	0	1	1	1	1	1	1	0	1	0	1	0	0	1	1	0	0	1	0	1	0	1	0	1	1	1	0	1	1	1	0	1	 -1141710834680572451
1	0	1	1	1	0	1	0	1	0	1	1	0	1	0	1	0	0	1	0	0	1	1	0	1	1	0	0	0	0	0	0	0	1	1	0	1	0	0	1	1	0	0	1	0	0	1	1	1	1	1	0	0	0	0	0	0	1	0	1	1	0	1	1	 -4993042004023451557
1	1	1	0	0	0	0	0	0	1	1	0	0	0	1	0	1	0	0	1	1	1	0	0	0	1	1	1	0	1	1	1	0	1	1	1	1	0	0	0	0	0	0	0	1	1	1	0	1	0	1	1	0	1	0	0	0	0	0	1	0	1	1	1	 -2278086424566778857
0	1	1	1	1	0	1	1	0	1	1	0	0	1	1	0	1	1	1	0	0	1	0	1	1	1	1	1	1	1	1	0	0	1	1	1	1	0	1	0	0	1	1	0	1	0	0	1	0	1	1	0	1	0	1	1	0	0	0	1	1	0	1	1	 8892047395427805979
1	0	0	0	0	1	1	0	1	1	1	1	1	1	0	1	1	0	1	1	0	0	1	1	1	0	0	1	0	0	0	1	1	0	1	1	1	0	0	0	0	1	1	0	0	1	1	1	1	0	0	0	0	0	1	0	1	1	1	1	1	1	0	0	 -8719615865073990916
1	1	0	1	1	1	1	0	1	1	0	0	0	1	0	0	1	1	0	1	0	0	0	0	0	1	1	0	1	0	1	0	0	0	0	1	0	0	0	0	1	1	1	1	0	1	1	0	1	0	1	1	1	1	1	1	0	1	1	0	0	1	0	1	 -2394559947884544155
0	0	0	1	0	1	1	1	0	1	0	1	1	0	1	0	0	1	1	1	1	0	0	0	1	0	0	0	0	1	1	0	0	1	1	1	0	1	0	1	1	1	0	0	1	0	0	0	0	1	0	1	0	1	0	0	0	1	0	0	1	0	1	1	 1682789929673315403
1	1	1	0	0	1	1	1	1	0	1	1	1	1	0	0	1	1	0	0	0	1	1	1	1	0	1	0	1	1	1	0	1	0	1	1	1	0	0	1	1	1	0	1	0	0	0	0	0	1	0	1	1	0	0	1	1	1	0	0	1	0	0	0	 -1748303002070918712
0	0	0	0	1	1	1	1	0	1	1	1	0	1	1	1	1	0	0	0	0	0	1	0	0	0	1	1	0	0	1	0	1	1	1	1	1	1	0	0	0	0	1	0	0	0	1	0	1	1	0	0	0	0	0	1	0	0	1	0	1	0	1	1	 1114502588287598891
0	0	0	0	0	1	1	0	1	0	1	0	0	1	1	0	0	0	1	1	0	0	1	0	0	1	1	0	1	0	0	1	1	1	1	1	1	0	0	1	0	1	0	1	0	0	1	1	1	0	1	1	0	0	0	0	1	0	1	0	1	1	0	1	 479125841097502893
0	0	1	1	0	0	1	0	1	0	1	1	1	0	0	1	0	0	1	1	1	0	0	1	0	1	1	0	0	0	0	0	1	0	1	1	1	1	1	0	1	0	0	0	1	1	0	0	1	1	1	0	1	0	0	0	0	0	0	1	1	0	0	1	 3655015660264417305
1	1	0	0	0	1	1	0	1	1	1	0	1	1	1	1	0	1	1	0	1	0	0	1	1	1	0	0	0	1	0	1	0	1	0	0	1	0	0	1	1	1	1	0	1	0	0	0	1	1	1	1	1	1	1	1	1	0	1	1	1	0	0	1	 -4111951638696493127
0	1	0	0	1	1	0	0	0	0	1	0	0	1	1	0	0	0	0	1	1	0	1	1	0	1	1	0	1	1	0	0	1	0	0	0	0	0	1	1	0	0	1	0	1	1	1	0	0	0	0	1	0	0	1	0	0	1	0	1	0	0	0	0	 5487103348868780624
0	0	1	0	0	1	0	0	1	0	1	1	1	0	0	1	0	1	1	0	0	0	0	0	1	1	1	1	0	0	1	0	0	0	1	1	0	0	0	0	0	1	0	1	1	1	0	1	0	1	1	0	1	1	0	1	1	0	1	1	1	0	0	0	 2646252849366658488
1	0	0	1	1	0	1	0	1	1	0	0	1	0	1	0	0	0	0	0	1	1	0	0	0	1	0	1	1	0	1	1	0	0	1	0	0	0	0	1	1	1	0	0	0	0	0	0	1	1	0	0	0	1	0	1	0	1	1	1	1	0	1	1	 -7293003061025258117
0	1	1	0	1	0	1	0	0	1	0	1	1	0	1	1	1	1	1	0	0	1	0	0	1	0	0	0	1	0	0	1	1	0	1	1	0	0	1	1	0	0	1	1	1	0	1	1	1	1	0	0	1	0	0	0	1	1	1	0	0	0	0	1	 7663970470969723105
1	0	0	1	1	1	1	1	0	0	1	1	1	0	1	0	1	0	0	1	1	1	0	1	1	1	1	0	1	0	0	1	0	0	0	0	0	1	1	0	0	0	1	1	1	0	0	1	1	1	1	1	1	0	1	0	0	1	0	0	1	1	1	0	 -6973087448872388018
1	0	1	0	1	0	0	0	0	0	0	0	1	0	1	1	0	1	0	1	0	0	0	1	0	0	0	1	1	1	1	0	1	0	0	1	0	0	1	1	0	0	0	1	1	1	0	1	1	0	1	1	1	1	0	1	1	0	0	0	0	0	0	1	 -6337882858834772607
1	0	1	1	1	0	1	0	1	0	1	0	0	0	0	0	0	0	0	1	1	1	0	0	1	1	1	0	0	1	1	0	0	1	1	1	1	0	0	1	1	0	1	0	0	0	0	0	0	0	1	0	0	1	1	1	1	1	0	1	1	1	0	1	 -4998963810172655651
0	0	1	0	0	1	1	1	1	1	1	1	0	1	1	1	1	1	1	1	0	0	0	0	0	0	1	0	0	0	0	0	0	0	0	1	0	1	0	1	1	0	0	0	1	1	1	0	0	1	1	1	1	1	0	1	0	0	1	1	1	1	1	0	 2880034507318000958
0	0	0	0	1	1	1	0	0	0	0	1	1	1	0	1	0	1	1	0	0	0	1	1	0	0	0	0	0	1	1	0	0	0	0	1	1	1	0	1	0	1	1	1	0	1	0	1	0	1	1	1	0	0	1	1	0	1	1	1	0	0	0	1	 1017077968770790257
1	1	1	0	1	0	1	0	0	1	1	0	1	0	1	1	1	1	1	0	1	0	0	0	1	1	1	0	1	0	1	0	0	0	0	0	1	0	0	1	1	1	1	0	1	0	0	0	1	0	0	1	0	0	1	1	0	0	1	1	1	1	0	1	 -1554893154440146115
0	1	1	1	0	1	0	1	0	1	1	1	0	0	1	1	0	0	1	1	0	1	1	1	1	1	0	0	1	0	0	1	1	1	1	0	0	1	0	1	1	0	1	0	0	1	1	1	1	0	0	1	1	1	1	1	0	1	1	0	0	1	1	0	 8463169465040215910
0	1	0	1	1	0	1	0	1	0	1	1	0	1	1	1	0	0	0	1	1	0	0	0	0	1	1	1	1	0	0	0	0	0	1	0	1	0	1	1	1	1	0	1	0	0	0	1	1	0	0	0	0	1	0	1	1	1	0	1	0	1	0	1	 6536720288561858005
0	1	1	1	1	1	0	1	0	0	1	1	1	0	0	0	0	0	1	1	0	1	0	1	0	1	1	0	0	1	1	1	0	0	1	0	1	0	0	0	1	0	1	1	1	1	0	1	1	1	1	1	0	1	1	1	0	0	1	0	0	0	0	1	 9023020570618230561
1	0	1	1	1	0	0	0	1	1	1	0	1	1	0	0	0	1	0	1	1	0	1	0	1	0	0	0	1	0	1	1	1	0	0	0	0	0	0	0	1	0	1	1	0	1	1	0	1	1	0	1	0	1	0	1	0	0	1	1	1	1	0	1	 -5121619121020676803
1	1	0	1	1	1	1	0	0	0	0	1	0	1	0	1	1	0	0	0	0	1	0	1	0	0	0	0	1	1	1	1	1	0	0	0	0	0	0	0	0	0	0	0	0	0	0	1	0	0	0	0	1	1	1	0	1	1	0	0	0	0	1	1	 -2443900921160069437
0	0	1	1	1	1	1	1	0	0	0	0	0	0	1	0	0	0	0	0	0	0	0	0	0	0	1	1	1	0	1	0	0	0	1	1	0	0	1	0	1	0	0	1	1	1	1	0	1	0	0	1	0	0	0	1	0	1	1	1	1	1	1	0	 4540191624300237182
1	0	1	1	0	1	0	0	0	0	0	0	1	1	0	0	1	1	0	0	0	1	1	1	1	1	0	1	1	0	1	1	0	1	0	1	0	0	0	0	1	0	0	1	1	0	1	0	1	0	0	1	1	0	0	0	0	0	1	0	0	0	0	1	 -5472779702397921247
1	1	0	1	1	1	1	0	0	0	0	0	0	1	1	0	1	1	0	1	0	0	0	0	1	1	1	0	0	0	0	0	1	1	1	0	0	0	0	0	1	1	0	0	1	0	0	0	1	0	0	0	0	1	1	0	0	0	0	1	1	1	0	1	 -2448039683166796259
0	1	1	0	1	0	0	1	1	0	1	0	0	1	1	0	0	1	0	0	1	1	0	0	0	1	0	0	0	0	0	1	0	0	1	1	0	1	0	0	1	0	0	0	0	0	1	1	0	0	1	0	0	1	1	0	0	1	0	0	1	1	0	0	 7612856063053997644
1	0	1	1	0	1	1	1	0	0	1	1	1	0	0	1	1	1	1	1	1	1	0	0	0	0	0	0	1	0	1	1	0	1	1	1	0	0	0	0	0	1	0	0	1	0	0	0	0	0	0	0	1	1	1	1	1	0	0	1	1	0	0	1	 -5243883165037621351
1	0	1	1	0	1	0	1	1	0	1	1	0	1	1	1	1	0	0	1	1	0	1	1	1	0	0	1	0	1	1	1	1	1	1	1	0	0	0	0	0	0	0	1	1	0	0	0	1	0	0	1	1	1	0	0	0	1	1	1	1	1	1	1	 -5352638555236033409
0	1	0	1	0	0	0	1	0	1	0	1	0	1	0	1	0	1	1	0	0	0	1	0	1	1	1	0	0	0	1	1	0	0	1	1	1	0	0	0	1	1	1	0	1	0	0	0	0	1	1	0	1	0	0	1	1	1	0	0	0	1	1	1	 5860699218144422343
0	0	1	0	0	1	1	1	0	1	0	1	0	0	1	0	1	0	1	0	1	1	0	0	0	1	0	1	1	1	0	1	0	1	0	1	0	0	0	1	0	1	0	0	0	1	0	0	0	0	0	1	1	0	1	0	0	1	1	0	0	1	1	1	 2833516632364816999
0	1	0	0	0	1	1	1	0	1	0	0	1	0	0	0	0	1	1	0	0	0	1	1	1	0	1	1	0	1	0	0	0	1	1	0	0	0	0	1	1	1	1	0	1	1	1	0	0	0	1	1	0	1	0	0	1	1	1	1	0	0	1	1	 5136465001404314867
0	0	0	0	0	0	0	0	1	1	0	0	0	0	1	0	0	1	1	0	0	1	1	1	0	0	0	1	0	1	1	1	1	0	1	1	0	0	0	0	0	0	1	1	1	0	0	0	1	0	1	1	1	0	0	1	1	0	0	1	1	1	0	0	 54719496920283548
1	0	0	1	1	1	1	0	0	1	1	1	0	0	1	0	1	0	1	1	1	0	0	1	0	1	0	0	1	1	1	1	0	1	1	1	1	1	1	1	0	1	1	0	1	0	0	1	0	1	1	0	1	0	0	1	0	1	0	0	1	0	1	0	 -7029352317280753334
0	1	0	1	1	0	0	1	1	1	0	0	1	1	1	1	1	1	1	0	1	0	0	1	1	0	0	1	0	0	1	1	1	0	1	1	1	1	0	0	1	1	0	1	1	0	0	1	1	1	0	1	1	1	0	0	0	0	1	1	0	0	1	0	 6471648010292550706
0	0	1	1	0	1	0	1	0	0	0	1	1	0	1	1	0	0	0	0	1	0	0	0	0	0	0	1	1	0	1	1	0	1	1	0	1	0	1	0	0	0	0	1	1	0	1	0	0	0	1	0	1	0	1	0	1	0	0	1	0	1	0	1	 3826661222218607253
0	1	0	0	0	0	1	0	1	1	0	0	0	0	1	0	1	1	1	1	1	1	0	0	1	1	1	0	0	1	1	0	0	1	1	1	0	0	0	1	0	0	0	0	1	1	1	1	0	0	1	1	0	0	1	1	0	1	0	1	1	0	0	0	 4810685418654610264
0	0	1	1	0	0	0	1	1	0	1	0	0	0	0	1	0	0	0	0	1	1	0	0	1	0	0	0	0	0	0	1	0	0	1	0	1	1	0	0	1	0	1	0	0	1	0	0	0	1	1	0	0	1	0	0	0	1	0	1	1	0	0	0	 3576153328048170072
1	1	0	1	0	0	1	1	0	1	1	0	1	1	1	0	1	0	1	0	0	0	0	1	0	1	0	0	0	0	1	0	1	1	0	1	1	0	1	1	1	0	1	0	1	0	1	1	0	0	0	0	1	0	0	1	1	1	1	0	0	0	1	0	 -3211452175743251998
0	1	0	0	1	1	1	1	0	1	0	1	1	1	0	0	1	0	1	1	1	0	0	0	1	1	1	0	0	1	0	0	1	0	1	0	1	1	0	1	1	1	1	0	1	1	0	0	1	0	0	0	0	1	0	1	1	1	0	1	0	1	0	1	 5718648919163700693
0	1	1	1	0	1	1	0	1	0	0	0	0	1	0	1	1	1	1	1	0	1	0	1	0	1	1	1	0	0	0	1	0	1	0	0	0	0	0	0	1	1	1	0	1	0	1	1	0	0	0	0	1	0	0	0	1	1	0	0	1	0	1	0	 8540502135147268298
0	1	1	1	1	1	1	1	1	0	1	1	1	1	0	0	1	1	0	1	0	0	0	1	1	1	1	1	1	0	1	0	1	1	0	0	1	0	1	0	1	0	1	0	0	0	0	1	1	0	0	1	1	1	0	1	1	1	1	1	1	1	1	1	 9204462613510069759
1	0	0	0	1	1	1	1	1	1	1	1	1	1	1	1	0	0	0	0	1	1	1	1	1	1	1	0	1	0	0	0	0	1	1	1	1	0	1	1	0	1	0	0	0	0	0	0	0	1	1	0	0	0	1	1	1	1	0	1	0	1	1	0	 -8070714516049992746
1	0	1	0	1	1	1	0	1	0	1	0	1	0	1	1	0	1	1	1	1	0	1	0	1	0	1	1	0	0	1	0	1	0	0	1	1	0	1	0	0	0	1	0	1	0	1	0	1	0	1	1	0	1	1	0	1	1	0	0	1	1	1	1	 -5860455582583310641
0	0	0	0	0	0	0	0	0	1	1	1	1	1	0	1	1	0	0	0	0	0	1	0	0	0	0	1	0	1	1	0	0	0	1	0	0	0	1	0	1	1	1	1	0	1	0	1	1	1	1	1	1	1	0	1	1	0	0	0	0	1	0	1	 35327403676269957
1	1	1	1	1	1	0	0	0	0	0	1	0	1	0	1	0	1	0	1	1	0	1	0	1	0	0	1	1	0	0	1	0	1	1	1	1	1	1	1	1	1	1	0	1	1	0	1	0	1	1	0	0	1	1	1	1	0	1	1	0	0	1	1	 -282219786318026829
1	0	0	0	0	1	0	1	0	0	0	0	1	0	0	1	1	1	0	1	0	0	1	0	1	0	1	1	1	0	1	0	1	0	0	1	0	0	1	1	1	0	1	0	0	0	1	0	1	1	0	0	0	1	0	0	0	1	1	1	0	1	0	1	 -8860319093092072331
1	1	1	0	0	0	1	0	1	1	1	0	0	0	1	0	0	0	1	0	1	1	0	1	1	1	0	1	1	0	1	0	0	0	1	0	1	1	0	0	1	0	0	0	1	0	1	0	0	0	1	1	0	1	0	1	0	1	1	1	0	1	1	1	 -2098064061327854217
1	0	1	1	1	1	0	1	1	0	0	1	1	1	1	1	0	0	1	1	1	1	0	1	1	1	1	1	1	1	0	0	1	1	0	0	0	1	1	1	1	1	0	1	1	0	1	0	0	1	1	0	1	1	0	1	1	1	0	1	1	0	0	1	 -4783036123350143527
0	1	1	1	1	1	0	1	1	0	0	1	0	0	0	0	1	0	1	0	0	1	0	1	0	0	1	1	0	0	0	1	1	1	1	0	0	1	0	1	1	0	1	1	0	0	1	0	0	0	0	0	0	1	1	1	0	1	1	0	1	0	1	1	 9047913285112956779
1	1	0	1	1	0	1	1	0	0	0	1	0	1	1	0	0	1	1	0	1	0	0	0	0	0	1	1	0	1	1	1	0	0	1	1	0	0	0	0	0	0	1	1	1	0	1	1	0	1	0	0	0	1	0	0	0	1	1	1	1	0	1	1	 -2659823943674018693
0	0	0	1	0	0	1	1	0	1	1	1	1	1	1	0	1	1	0	0	0	1	0	1	0	1	0	0	0	1	1	1	0	1	0	0	1	0	1	1	1	0	0	0	1	0	0	0	0	1	0	1	0	1	0	0	1	0	0	1	0	1	0	0	 1404777043786749076
0	0	0	1	1	0	0	1	1	0	1	1	1	0	0	1	1	1	1	0	0	1	0	0	0	0	0	1	0	1	0	1	1	1	1	0	0	1	1	1	0	1	0	1	1	1	0	1	0	0	0	1	1	0	1	1	1	1	1	0	0	0	1	0	 1853763504366754786
1	1	0	0	1	1	1	1	0	0	1	0	1	1	1	1	1	0	1	0	0	0	1	0	1	0	1	0	0	1	0	1	1	0	0	1	1	1	0	0	0	1	0	0	0	0	0	1	1	1	0	0	1	0	1	0	0	0	0	1	1	0	0	0	 -3517413951778207208
1	1	1	0	1	0	1	0	0	0	0	0	0	0	0	0	0	1	0	1	1	1	1	0	1	0	0	0	0	1	1	1	0	1	0	0	0	0	1	1	0	1	1	0	1	0	1	0	0	1	1	1	1	1	1	0	0	0	1	1	1	1	0	1	 -1585163133789766083
1	0	1	1	1	1	0	0	1	1	1	0	0	1	0	0	0	1	0	1	0	1	0	0	1	1	0	0	0	0	0	0	0	1	0	1	1	1	1	1	1	1	0	0	1	0	0	1	0	1	1	0	1	0	0	1	0	1	0	0	0	1	0	0	 -4835646914671580860
0	1	0	0	1	0	0	0	1	0	1	1	0	1	1	1	1	1	0	0	1	1	1	1	1	1	0	1	1	1	0	1	0	1	1	1	0	0	1	1	0	1	1	1	0	0	0	0	0	0	1	1	1	0	1	1	1	1	1	1	0	0	1	0	 5239885241500318706
1	1	0	1	1	1	0	1	1	0	0	1	1	0	1	0	0	1	0	1	1	1	0	1	1	1	0	0	0	0	1	1	1	1	0	1	1	0	1	0	0	1	1	0	0	0	0	0	0	0	1	1	0	0	1	0	1	1	1	0	1	0	0	1	 -2478565549150293271
1	1	1	0	0	1	1	0	0	0	0	1	1	0	1	1	1	0	1	0	0	1	0	0	1	0	1	1	1	0	0	1	0	0	0	0	1	1	1	0	0	0	0	0	0	1	1	0	1	0	0	1	1	1	1	1	1	1	0	1	1	0	1	1	 -1865716505903718437
1	1	1	1	0	0	0	1	0	0	1	0	1	0	0	0	1	1	0	1	0	0	0	1	0	1	1	0	0	0	1	1	1	1	1	1	0	0	0	0	1	1	0	1	0	1	0	1	1	1	1	0	1	1	0	0	1	1	1	1	1	1	1	1	 -1069374684327973633
1	1	1	1	0	0	1	0	0	1	1	1	1	0	1	1	1	1	0	1	1	0	0	1	0	1	0	0	0	0	0	1	1	1	1	0	0	1	1	0	0	1	1	1	0	0	0	0	0	0	1	1	0	0	1	1	1	1	0	0	1	1	1	0	 -973946017333365810
0	0	0	1	0	1	0	0	0	1	1	0	1	0	1	1	0	0	0	0	1	0	1	0	1	0	0	1	0	0	0	0	1	0	1	1	0	0	1	0	0	1	1	0	0	1	0	0	1	1	1	0	1	1	0	0	0	1	1	1	1	0	1	0	 1471281319851125882
0	0	1	1	0	0	1	1	1	0	1	0	0	0	1	1	0	1	1	0	1	0	1	1	1	1	1	1	0	0	1	1	1	0	1	1	0	0	0	0	0	1	0	1	1	0	0	0	0	1	0	0	0	0	0	1	1	0	0	0	1	1	0	0	 3720936411517960588
1	0	1	0	1	0	0	0	0	0	1	0	0	0	0	1	1	1	1	0	1	0	1	1	0	1	1	0	1	0	0	0	1	0	1	1	0	1	0	1	0	1	1	0	1	0	0	1	0	1	0	0	0	1	1	0	1	0	0	1	1	0	1	0	 -6331520766153505126
0	1	1	1	1	0	1	1	1	0	1	1	1	0	0	1	1	1	0	1	0	1	1	1	0	0	1	1	1	1	0	0	1	0	1	1	1	1	1	1	0	1	1	1	1	1	1	1	1	0	0	1	0	0	1	0	0	1	1	0	1	0	0	1	 8915393593267425897
0	1	1	1	0	1	1	1	1	0	0	0	1	0	0	0	1	1	1	0	1	1	1	1	1	1	1	0	1	0	1	1	1	0	0	0	1	0	1	1	0	0	1	1	1	0	0	1	1	0	1	1	0	1	0	1	1	1	0	0	1	0	1	1	 8613398082278241739
1	0	0	1	0	1	1	1	1	0	0	1	0	1	0	1	1	0	1	1	1	0	1	0	1	1	1	1	1	0	1	0	1	0	1	1	0	0	0	1	1	0	0	1	1	1	1	0	0	1	0	1	1	0	1	1	0	1	0	0	1	0	1	1	 -7523902016568009909
1	0	0	0	0	0	1	1	0	0	0	1	0	0	0	0	0	1	0	1	1	1	1	1	1	0	0	1	1	0	1	0	1	1	1	0	1	1	1	1	0	0	0	0	0	1	0	1	1	1	1	0	0	1	0	1	0	0	1	0	0	1	1	0	 -9002590536073878234
0	1	1	0	1	0	1	0	1	0	0	0	1	1	0	0	0	1	0	1	0	0	1	0	0	1	0	0	1	1	1	1	0	1	1	1	0	0	0	1	0	1	1	1	0	0	0	1	1	0	1	0	1	0	0	0	0	1	1	1	0	1	0	1	 7677601965919021173
1	0	0	0	0	1	0	0	0	0	1	0	1	1	0	1	1	1	0	1	0	1	0	1	1	0	0	1	1	0	0	1	1	1	1	0	0	0	0	0	0	0	1	1	1	1	1	1	1	0	1	1	1	1	0	0	0	1	0	1	0	1	0	0	 -8922240429882098604
1	1	1	1	1	1	1	1	0	1	1	1	0	1	0	1	1	0	1	1	1	1	0	0	1	0	0	0	1	1	1	1	0	1	0	0	1	1	1	1	0	1	0	0	1	1	1	0	1	1	1	0	1	1	0	1	0	1	1	1	0	0	1	0	 -38917698065863310
0	0	0	1	0	0	1	0	0	1	1	0	0	0	0	1	1	1	1	1	1	1	0	1	1	1	0	1	1	1	0	1	1	0	0	1	1	1	0	1	0	0	0	1	1	1	1	0	1	1	1	0	0	1	0	1	1	1	1	1	0	0	0	0	 1324618893689284080
0	0	1	0	0	0	1	1	0	1	1	0	1	1	1	0	1	0	1	0	0	1	0	1	0	1	0	1	1	0	0	1	0	1	0	1	0	0	1	0	1	0	1	1	1	1	0	1	1	0	0	1	1	0	1	1	1	0	0	0	0	1	1	0	 2553159841824480134
0	0	1	0	0	0	1	1	0	1	1	1	0	1	0	1	1	0	0	0	1	1	1	0	0	0	1	1	1	0	1	1	0	1	1	1	0	0	1	0	1	1	0	1	0	1	0	1	1	1	1	0	1	1	1	0	1	0	0	0	1	0	1	1	 2555104749583462027
0	0	0	1	1	0	0	1	1	1	0	0	0	1	1	1	1	1	0	1	1	1	0	1	0	0	1	1	1	0	0	1	0	0	1	1	0	1	1	1	0	0	1	1	1	0	1	1	0	1	0	1	1	1	0	0	1	1	0	1	0	0	1	0	 1857696609123130578
0	1	1	1	0	0	0	1	0	1	0	1	1	1	0	1	0	1	0	1	0	0	1	1	0	0	0	0	0	0	0	1	1	0	0	1	1	0	0	0	1	0	1	0	1	0	1	1	0	0	0	0	0	0	1	0	0	0	0	0	0	1	1	0	 8168776565441364486
0	1	0	1	0	1	0	1	1	1	1	1	0	1	0	0	0	0	1	0	0	1	0	0	0	0	0	1	0	1	1	1	0	1	1	0	0	1	0	1	0	1	1	1	1	1	1	1	0	1	1	0	0	1	0	0	1	1	0	1	1	1	1	0	 6193615070446970078
1	1	0	1	1	0	1	0	0	1	1	0	0	1	1	1	1	0	0	0	1	0	1	0	1	1	1	0	0	1	1	1	0	1	1	0	0	1	1	1	0	1	1	1	0	0	0	0	0	0	1	1	1	0	0	0	0	1	0	0	1	0	0	1	 -2709043924362577847
1	0	1	0	0	1	0	0	1	0	1	0	1	1	0	0	0	1	0	1	0	1	0	0	1	1	0	1	0	0	0	0	1	1	1	1	1	1	1	1	1	0	0	0	1	0	0	0	0	1	1	1	1	1	1	1	0	1	1	1	1	1	0	0	 -6580791698878070916
1	0	1	0	1	0	0	1	1	1	1	1	1	0	1	1	1	1	0	0	0	0	1	1	1	1	0	1	1	1	0	1	1	1	0	0	0	0	0	1	1	0	0	1	1	0	1	1	1	0	1	1	0	0	0	0	0	0	1	0	0	0	1	0	 -6198145104941961182
1	1	0	0	0	0	1	0	0	1	0	0	1	1	0	0	1	0	1	0	1	0	0	0	0	1	1	0	1	0	0	1	0	0	1	1	0	1	0	1	0	0	1	0	0	0	1	1	1	0	1	0	0	0	0	0	1	1	1	1	0	0	1	1	 -4445993562304962317
1	1	1	0	1	1	0	1	0	1	0	0	0	1	0	1	0	0	1	0	0	0	0	0	0	1	1	1	1	1	1	1	1	1	0	0	0	1	1	1	0	1	0	1	1	0	0	1	0	0	0	1	1	1	1	0	0	0	0	0	1	0	1	1	 -1349636780150153717
1	1	1	1	1	1	1	1	1	0	0	0	0	0	0	0	0	0	1	1	1	0	1	0	0	0	1	1	1	0	0	0	1	0	1	1	1	1	1	1	0	1	0	0	1	1	0	1	1	1	1	0	1	1	1	1	1	1	1	1	1	0	1	0	 -35964781616828422
0	1	1	0	0	1	0	1	0	1	0	1	0	0	0	1	1	1	1	1	1	0	0	1	1	1	1	1	1	1	1	0	1	1	0	0	1	0	1	0	0	1	1	0	0	1	1	1	1	1	1	1	1	1	0	0	1	0	0	1	1	1	0	1	 7300891343657106589
1	1	1	0	0	1	1	1	0	0	1	1	0	0	1	1	0	0	0	1	1	1	1	1	0	1	1	0	1	1	0	1	0	1	0	1	0	1	1	1	0	1	1	1	1	1	0	1	0	0	1	1	0	0	1	1	0	0	0	1	1	1	1	1	 -1787050072656235745
1	0	1	1	1	1	0	1	1	0	1	0	1	0	0	1	0	1	1	0	0	1	1	0	0	0	1	0	1	0	0	1	0	0	0	0	1	0	0	1	1	0	0	1	1	1	0	0	0	1	0	1	1	1	0	0	0	0	0	0	0	1	0	1	 -4780177203036136443
1	0	0	1	1	1	0	0	0	0	0	1	1	0	0	1	0	1	0	0	1	0	1	0	1	0	1	1	1	0	1	0	1	1	0	0	1	0	0	1	0	0	0	0	1	0	0	0	0	1	0	1	0	0	0	0	1	0	0	0	0	0	0	0	 -7198640363277889408
1	1	1	0	0	1	0	1	1	0	1	1	0	0	1	1	0	0	0	0	0	0	1	0	1	0	0	1	1	0	0	0	1	1	1	1	1	1	0	0	0	0	0	1	0	0	0	0	0	1	0	1	0	1	0	0	0	0	1	0	0	0	0	1	 -1895168162105633759
1	1	1	1	0	1	0	0	1	0	1	0	0	0	0	1	0	1	0	0	0	1	1	0	0	0	1	0	0	1	0	0	0	0	1	0	1	0	1	1	1	1	1	0	0	0	1	0	0	1	1	0	0	1	1	0	1	1	1	0	0	0	1	1	 -819296536035694877
0	0	0	1	1	1	1	0	0	1	1	0	0	0	1	1	0	1	0	1	0	1	0	1	0	0	0	0	1	1	1	0	1	0	1	0	1	0	0	0	0	1	0	0	1	1	0	1	0	1	0	0	0	0	0	1	0	1	0	0	1	1	0	1	 2189687365273731405
0	0	1	1	1	0	0	1	0	1	0	0	0	0	1	0	0	1	0	1	1	0	0	1	0	1	0	1	0	1	0	0	1	0	0	0	1	1	0	0	0	1	1	1	1	0	0	0	1	1	1	1	0	1	0	0	0	1	0	0	0	1	1	0	 4125958428293657670
1	1	1	0	1	0	0	0	0	0	1	0	0	0	1	0	1	0	1	0	0	0	0	1	1	1	0	1	1	1	1	1	0	0	1	0	1	0	1	1	0	0	0	0	0	1	0	1	1	0	1	0	1	1	0	0	0	1	1	1	1	0	0	1	 -1719634127830537095
1	0	1	0	0	1	0	1	0	0	1	0	0	0	1	1	0	1	1	0	1	1	1	0	1	0	0	1	1	0	1	0	0	1	0	0	1	1	1	0	0	0	1	1	0	0	0	0	1	0	0	0	1	1	1	1	0	0	1	0	1	1	1	1	 -6547267824250745041
0	1	1	0	0	1	1	1	0	1	0	1	0	1	1	1	0	1	0	0	0	1	1	1	0	1	0	0	0	0	0	0	0	1	1	0	0	0	0	1	0	0	0	0	0	1	1	1	1	1	1	0	1	1	0	0	1	1	0	0	1	0	0	1	 7446498850711792841
0	0	0	1	1	1	0	0	0	0	1	1	1	1	0	1	0	1	1	1	1	1	1	1	0	1	1	1	0	1	0	1	1	0	1	1	1	1	1	0	1	0	1	0	0	1	1	1	1	0	0	0	0	1	0	0	0	1	0	0	0	0	1	1	 2034922750327882819
1	0	1	1	1	0	0	0	0	1	0	0	1	1	1	1	0	1	0	1	0	0	0	0	1	1	1	1	0	0	1	1	1	1	1	1	1	0	1	1	1	1	1	1	1	0	0	0	0	1	0	0	1	1	0	1	1	1	1	0	0	0	1	0	 -5165821238736040478
0	0	1	1	1	0	1	1	1	0	0	0	1	1	1	1	1	1	1	0	1	0	0	0	1	1	0	0	0	1	1	0	1	0	0	1	0	1	0	1	0	0	0	0	0	0	0	1	0	0	1	1	0	0	0	1	0	0	0	0	1	0	1	0	 4291904909508423946
1	0	1	1	0	0	0	1	0	0	1	1	1	1	1	0	0	1	1	1	1	1	0	0	1	0	0	1	1	0	0	0	1	1	0	1	0	0	0	1	1	0	1	0	1	0	0	1	1	1	0	0	0	1	0	0	1	1	1	1	1	1	1	0	 -5674961484645808898
1	0	1	0	1	1	0	0	0	0	0	0	0	1	0	1	1	1	1	1	0	0	0	1	1	0	1	1	1	0	0	1	1	0	1	1	1	1	0	1	0	1	1	1	1	0	1	0	1	1	1	0	0	1	0	1	1	1	0	0	0	1	0	0	 -6051164744252201532
1	0	0	0	0	1	1	0	1	1	1	0	1	0	0	1	1	0	1	1	1	0	0	1	0	0	1	1	1	0	1	0	1	0	1	1	1	0	1	0	0	1	1	1	0	0	0	0	0	0	0	0	0	1	1	1	0	1	1	0	0	0	0	0	 -8725239141166479520
1	0	0	1	1	1	1	1	1	0	1	1	0	0	0	0	0	1	0	1	0	0	0	0	0	0	1	0	1	0	1	1	0	1	0	1	1	1	1	1	0	1	1	0	1	0	0	1	0	1	0	1	1	1	1	1	1	1	1	0	0	1	0	0	 -6939958878563377180
0	1	0	0	1	0	1	1	0	1	0	0	0	1	1	1	0	0	1	0	1	1	0	1	1	0	1	1	0	0	1	1	1	1	0	0	1	1	0	1	1	1	1	0	0	1	1	0	0	0	1	0	0	0	1	1	0	1	1	1	0	0	0	1	 5424354526467859313
0	0	0	1	1	1	1	1	0	1	0	1	0	1	1	1	0	1	0	1	0	1	0	0	0	0	1	1	1	1	1	0	0	1	0	1	0	1	1	1	0	0	0	0	0	1	1	0	1	0	1	1	0	1	1	0	1	1	0	1	1	1	0	1	 2258366364874356445
0	1	1	0	1	0	0	0	0	0	0	1	0	0	0	0	0	0	1	0	0	0	1	1	1	0	0	0	1	1	0	0	1	0	1	0	1	1	1	1	1	0	0	0	1	1	0	0	1	0	0	0	0	1	1	1	0	1	0	0	1	0	0	1	 7498532466719491913
1	1	1	0	1	0	0	1	1	0	1	1	1	0	1	1	0	0	1	1	1	0	0	0	1	1	1	1	0	0	1	1	0	0	0	0	1	1	0	1	0	1	1	0	1	1	1	0	1	1	1	0	0	1	1	0	1	0	0	1	0	1	1	0	 -1604626225673869674
0	1	0	1	1	0	1	1	1	0	1	0	0	0	1	0	0	0	1	1	0	0	1	1	1	0	1	1	1	1	1	1	0	1	1	0	0	1	1	1	1	0	0	0	1	1	1	1	0	1	1	1	1	0	1	1	1	0	0	0	1	1	1	1	 6602896900847795087
1	1	0	0	0	1	0	0	1	1	1	0	1	0	0	0	0	0	0	1	0	0	0	0	0	0	1	0	1	1	0	0	1	0	1	0	1	0	0	1	0	0	1	0	0	0	1	1	1	1	1	0	0	1	0	1	1	1	1	0	0	1	0	0	 -4258135663676496412
1	0	0	0	0	1	1	1	0	1	0	0	1	0	0	0	0	0	1	0	0	1	0	0	1	0	1	1	1	1	1	0	1	0	1	1	1	0	1	1	1	0	0	1	1	0	1	0	0	0	1	0	1	0	1	0	1	1	1	1	1	1	1	1	 -8698662278656283905
1	1	1	1	1	1	1	1	0	0	0	0	0	1	0	0	1	1	0	0	1	1	1	0	0	0	1	0	0	0	1	1	1	0	0	0	0	0	0	1	1	0	1	1	0	0	0	0	0	0	1	1	1	1	0	1	1	0	1	1	0	1	0	1	 -70705042236097099
1	1	1	0	1	0	1	1	0	0	1	1	1	1	1	1	1	0	0	0	1	0	1	0	1	1	1	1	0	1	1	1	1	0	1	0	1	1	0	1	0	0	1	1	0	0	1	0	0	0	0	0	1	1	0	1	1	1	1	1	0	0	0	1	 -1495323754896421391
0	1	0	1	1	1	0	0	1	0	1	0	1	0	0	0	0	0	1	0	0	1	0	1	1	0	0	0	1	0	1	1	0	0	0	0	0	0	1	1	1	1	1	0	0	1	1	1	0	1	1	0	1	0	1	0	1	0	1	1	0	1	1	1	 6676627726572939959
1	0	1	1	0	0	1	1	0	0	0	1	0	1	1	0	1	1	1	1	1	1	0	0	0	1	0	1	0	1	0	0	1	0	1	1	0	0	1	1	1	1	0	0	1	1	0	1	0	1	1	1	1	0	0	1	0	1	0	1	0	0	0	1	 -5541964850708776623
0	1	1	1	1	0	0	1	1	0	0	1	0	0	0	1	0	0	0	0	1	0	0	0	0	1	1	1	1	0	0	1	1	0	0	0	1	0	1	1	0	0	0	0	1	1	0	1	0	1	0	1	1	1	0	0	0	0	0	1	1	0	1	0	 8759792068329298970
1	1	0	0	0	1	0	1	0	0	1	1	0	1	1	1	0	0	0	1	0	0	0	0	1	1	1	0	1	1	0	0	1	1	1	1	1	1	0	0	0	0	0	0	1	0	1	0	0	1	1	1	0	0	0	1	1	1	0	0	1	0	1	1	 -4235898314491792949
0	0	0	1	1	1	0	1	0	0	0	1	0	1	0	0	0	1	0	0	0	0	1	0	1	0	1	0	0	1	0	0	0	1	1	0	1	1	1	0	1	1	0	1	0	1	1	0	0	1	0	1	0	0	0	0	0	0	0	1	0	0	1	1	 2095373000635731987
0	1	0	1	1	1	1	0	1	0	1	1	0	0	1	1	0	0	1	0	1	1	0	0	1	1	0	0	1	1	0	0	1	0	1	0	0	0	1	0	1	0	0	1	0	1	1	1	0	0	0	0	0	0	0	1	1	0	1	0	0	1	0	1	 6823847117809189285
0	1	1	0	0	0	0	0	0	0	1	1	0	0	0	0	0	0	1	1	0	0	0	0	0	0	0	1	0	1	0	1	0	1	1	1	0	0	1	1	1	0	0	0	1	1	0	1	1	1	1	0	0	1	1	1	1	1	0	1	1	0	0	0	 6931092695214319576
1	1	1	0	1	1	1	0	0	1	0	1	0	1	1	1	1	0	1	1	1	0	0	0	1	1	0	1	0	1	0	1	0	0	0	0	0	0	0	0	0	0	0	1	1	0	1	0	1	1	0	0	0	0	0	0	0	0	0	0	0	0	0	0	 -1272345144739577856
1	1	0	0	1	1	0	1	1	1	0	0	1	0	0	1	1	0	0	0	0	1	1	0	1	1	0	0	1	0	1	0	0	1	1	0	0	1	1	0	1	0	1	1	0	0	0	0	1	1	0	0	1	1	0	1	0	0	1	0	0	1	0	1	 -3618212621751104219
1	0	1	1	1	1	0	1	1	0	1	1	0	1	0	1	1	0	0	1	0	1	0	0	0	1	0	0	1	1	1	0	1	1	1	0	1	1	0	0	0	0	0	0	1	1	1	0	1	0	1	1	0	0	1	1	1	0	1	1	1	0	1	1	 -4776748763067796549
1	0	1	1	0	1	1	0	1	0	0	1	0	0	0	0	0	0	1	0	1	1	1	1	0	0	0	1	0	1	0	1	0	1	1	1	1	0	0	0	0	0	0	1	1	1	1	0	1	1	1	0	1	1	0	0	1	0	0	1	1	0	1	0	 -5291677792904221542
0	1	0	0	0	1	0	1	0	0	1	0	0	0	1	0	0	1	1	1	0	0	0	1	1	0	0	1	1	1	0	0	0	0	1	1	1	1	1	1	1	1	0	0	1	1	1	1	1	0	1	0	1	0	0	1	0	1	1	0	1	1	1	0	 4981669053724600686
1	0	1	0	0	1	1	0	1	0	1	1	1	0	1	1	1	1	1	1	0	1	0	0	0	1	1	0	1	1	1	1	0	0	1	0	1	0	0	0	1	0	0	0	1	1	0	0	0	0	1	1	0	0	1	1	0	1	0	0	1	0	0	1	 -6432278884509797559
0	1	0	1	1	0	0	1	1	1	1	0	1	0	0	1	0	0	0	1	0	0	1	1	0	0	1	0	1	0	1	0	1	1	0	0	1	0	1	1	1	1	1	1	0	0	0	1	0	0	0	1	1	0	0	0	0	0	1	1	0	1	1	0	 6478730613480298550
1	0	1	1	1	0	0	0	1	1	1	1	1	1	1	1	1	1	0	0	1	0	1	0	0	0	0	1	1	0	1	1	1	1	0	0	1	0	1	0	1	0	1	1	0	1	0	0	1	0	1	0	0	1	1	1	0	0	1	1	1	0	1	1	 -5116148430955829445
1	0	1	1	1	1	1	0	1	1	0	0	1	1	1	1	0	0	1	1	0	0	0	1	0	0	1	0	0	1	1	1	1	0	1	0	1	1	0	1	1	1	0	1	1	1	0	1	1	1	0	0	1	1	1	1	1	0	1	0	0	1	0	0	 -4697481839833657436
0	0	1	1	1	1	0	0	1	1	0	0	1	0	1	1	0	0	0	1	0	0	0	0	0	1	1	0	1	1	1	1	1	1	1	0	1	1	1	1	0	0	1	1	0	0	0	0	0	0	0	0	0	0	1	1	0	1	1	1	1	1	1	1	 4380613135488254847
1	1	0	0	0	1	1	1	1	0	0	0	1	0	0	1	1	1	1	1	1	0	0	1	0	1	1	0	0	1	1	0	1	0	1	1	1	1	0	1	0	0	1	0	0	0	1	0	0	0	1	1	0	0	0	1	0	0	0	1	1	0	0	1	 -4068446568697417447
1	1	0	0	0	1	0	1	1	1	1	0	1	1	1	1	0	0	1	1	0	0	0	1	0	1	0	1	0	1	0	1	0	1	0	0	0	0	1	0	1	1	1	0	0	0	1	0	1	0	0	0	0	0	1	0	1	1	0	0	0	1	1	0	 -4184071286539779386
1	0	1	0	1	0	1	1	0	0	0	0	0	0	1	0	0	1	1	0	1	1	1	1	1	1	1	1	1	1	0	1	1	1	1	1	1	1	1	0	0	1	1	1	1	1	0	1	0	1	0	0	0	0	0	0	0	0	0	1	1	0	1	1	 -6124209406583422949
1	1	1	1	0	0	1	1	0	0	1	0	0	1	1	1	1	0	0	1	0	0	1	0	0	1	0	1	1	1	1	1	0	1	0	1	1	1	1	0	0	1	1	1	0	0	1	1	0	0	0	0	0	1	1	0	1	1	0	0	1	0	1	1	 -925610260097202485
1	0	1	0	1	0	1	1	0	1	0	0	1	0	1	0	0	1	0	1	1	1	0	0	1	0	1	1	1	0	1	0	0	0	0	1	0	0	0	1	0	1	0	0	0	1	0	1	1	0	1	1	0	0	1	0	1	1	0	0	0	0	0	1	 -6103964390723833151
0	0	1	0	0	1	1	0	1	1	0	0	0	1	0	1	1	1	1	1	1	0	1	0	1	0	0	1	1	1	1	0	1	0	1	1	0	1	1	0	0	0	0	0	0	0	0	0	1	1	1	0	0	1	1	1	0	0	0	1	0	0	1	1	 2793914703418550035
1	0	0	0	1	0	1	1	0	1	1	1	0	1	1	0	0	0	1	0	1	0	1	1	1	1	1	0	1	1	1	0	1	1	1	1	0	1	1	0	1	1	1	1	0	1	1	0	1	0	0	0	0	0	0	1	0	1	0	1	1	0	0	1	 -8397476149840150183
0	1	0	0	1	0	1	1	1	1	0	0	1	1	1	0	1	0	1	0	0	1	0	0	1	0	0	0	0	0	0	0	1	0	0	0	1	0	0	0	0	0	1	1	1	1	1	0	1	1	0	0	0	0	1	0	0	0	1	1	0	1	0	0	 5462484269995573812
0	1	0	0	0	1	1	1	0	1	0	1	0	0	0	1	1	0	0	0	1	0	1	1	1	1	1	1	1	1	1	1	1	1	1	1	0	0	0	1	0	0	0	0	0	1	0	1	1	1	0	1	0	1	1	0	0	0	1	1	1	0	0	1	 5139042581183059513
1	1	1	0	0	1	1	0	0	1	1	0	1	0	0	0	0	1	0	0	0	1	1	0	1	1	1	0	1	0	1	1	1	1	0	0	1	1	0	0	0	0	0	0	1	1	1	0	0	0	1	0	0	1	0	0	0	1	1	1	0	0	1	1	 -1844146068853480333
1	1	0	0	0	1	1	1	1	0	1	0	1	1	0	0	1	0	0	1	1	1	0	0	1	0	0	1	0	1	1	1	0	1	1	1	1	0	1	1	1	1	0	0	1	0	1	1	0	0	1	0	0	0	0	1	0	0	1	0	1	0	0	1	 -4058696989736754903
1	0	1	1	1	1	1	1	0	1	1	0	0	0	0	1	1	0	1	1	1	0	1	0	0	1	0	1	0	1	1	1	1	1	1	0	0	1	1	1	1	1	1	1	0	1	0	1	0	0	1	1	1	0	1	1	1	0	1	1	1	1	0	0	 -4656235653007852612
0	0	1	1	0	1	0	0	0	1	0	0	0	1	0	0	0	1	1	0	0	1	0	1	0	1	0	0	0	1	0	1	0	0	0	1	1	0	1	1	0	0	0	0	0	1	1	1	0	0	1	1	0	0	0	1	1	1	0	1	1	0	0	0	 3766246535869182424
1	1	0	0	1	1	1	1	1	0	0	0	1	1	1	0	1	0	0	1	0	1	0	0	0	1	0	0	0	0	0	0	1	1	0	0	0	1	1	0	0	1	0	1	1	0	0	1	1	1	0	1	0	0	1	1	1	1	0	0	1	0	0	0	 -3490689655238962232
1	0	1	0	1	0	0	1	0	1	1	0	0	1	1	0	0	1	1	1	1	0	1	1	0	0	1	1	0	0	1	0	0	0	0	0	0	0	0	1	0	0	1	1	1	0	1	0	0	1	1	0	1	1	1	1	1	1	0	0	0	0	1	0	 -6240164778976055358
0	0	0	1	1	1	0	1	1	0	1	1	0	1	1	1	1	1	0	1	0	1	0	1	0	1	1	0	1	1	1	0	1	0	0	1	0	0	0	0	1	1	1	0	0	1	0	1	0	1	0	1	1	1	0	0	0	1	0	0	1	1	1	0	 2141414818692029518
0	1	1	0	1	0	1	0	0	1	0	0	0	0	1	0	1	1	1	0	0	1	1	0	0	1	0	1	0	0	1	1	0	1	0	0	1	0	0	1	0	0	0	1	1	1	1	1	0	1	1	0	0	0	1	1	1	1	0	1	0	1	0	0	 7656935561866732500
1	0	1	0	1	1	0	1	1	0	0	0	0	0	0	0	1	1	1	0	0	1	0	0	1	1	0	0	1	0	0	1	0	1	0	0	0	0	1	1	0	0	1	0	1	1	1	0	0	0	1	1	1	0	0	0	0	1	1	1	1	0	1	1	 -5944499955062392709
0	1	0	0	1	0	1	1	1	1	0	0	1	1	1	0	1	0	1	1	0	0	0	0	0	0	1	0	0	1	1	0	0	0	0	1	1	0	1	0	1	1	0	1	0	1	1	0	1	1	1	1	1	0	0	1	0	0	0	1	0	1	0	1	 5462497075752532245
1	1	1	0	0	1	1	0	1	0	1	1	1	0	0	1	0	0	0	0	0	1	1	1	0	1	0	0	1	0	0	1	0	0	0	0	0	0	0	0	0	1	1	1	1	1	0	0	0	1	0	0	1	1	0	0	1	0	0	0	0	0	0	0	 -1821416564172501888
1	0	0	0	1	1	0	0	1	1	0	1	1	0	1	0	1	1	1	0	0	0	0	1	1	1	1	1	0	0	0	0	1	1	1	1	1	1	1	0	1	0	0	1	0	0	1	1	1	1	0	0	0	0	0	1	0	0	1	1	1	0	0	1	 -8297070938297220807
1	1	0	0	1	0	1	0	1	0	1	0	1	0	1	0	1	0	1	0	1	1	0	0	1	1	1	1	0	0	0	0	1	0	1	0	0	0	1	1	0	1	1	0	1	0	1	0	1	0	0	1	0	1	1	1	1	1	1	1	1	1	1	0	 -3843069182473496578
0	1	1	1	0	1	0	0	1	0	1	0	1	0	0	1	0	1	1	1	1	1	1	1	1	1	0	0	1	1	0	0	1	1	1	0	0	0	0	1	1	1	1	1	1	0	0	0	0	1	0	0	1	0	0	0	0	0	1	0	0	0	0	1	 8406390697404942369
0	1	0	0	1	0	0	1	0	1	0	1	0	0	1	1	0	1	1	0	1	0	1	0	1	0	1	1	1	0	1	0	0	1	1	1	1	1	0	0	0	0	1	1	0	1	1	1	0	1	1	0	1	0	1	0	1	0	0	0	1	1	1	1	 5283684137016191631
0	0	1	0	0	1	0	1	1	1	0	0	0	1	0	0	0	0	1	0	0	1	0	1	1	0	0	1	1	0	1	1	0	1	0	0	1	1	0	1	0	1	1	1	1	0	1	1	1	1	1	1	0	0	0	0	1	1	1	0	0	1	0	1	 2721341423788749029
0	0	1	1	0	0	0	1	1	1	0	0	1	0	0	0	1	1	0	0	0	0	1	0	0	1	0	0	1	0	0	1	1	1	0	1	1	1	0	0	1	0	1	0	1	0	0	0	0	1	0	0	0	0	0	1	0	0	1	1	1	0	1	1	 3587330725691015483
0	1	0	0	1	1	1	1	0	0	0	1	1	1	0	0	0	1	0	1	1	0	1	1	0	0	0	1	1	0	0	1	0	0	0	1	0	0	1	0	0	0	1	0	0	1	0	0	0	0	1	1	0	1	1	0	1	0	1	0	0	0	0	0	 5700531391580878496
1	0	0	1	1	0	1	0	1	0	1	1	0	1	1	1	1	1	0	0	1	0	0	1	0	1	0	0	0	1	1	1	1	0	0	1	0	0	0	0	1	0	1	0	1	1	1	0	0	0	1	0	1	0	1	1	0	0	0	1	0	0	0	0	 -7298143361923405040
1	0	0	1	0	0	1	1	0	0	1	1	0	0	1	0	1	0	0	1	1	0	0	1	0	1	0	0	0	1	1	1	0	1	1	1	0	0	1	1	1	0	0	1	0	0	1	1	1	1	0	1	1	0	0	1	0	1	0	1	1	1	0	0	 -7840035469137815204
0	0	0	1	1	1	0	0	1	0	0	0	0	0	1	1	1	0	0	0	0	1	0	0	0	0	0	0	0	1	1	0	1	0	0	1	1	1	0	0	1	1	1	0	1	0	1	0	1	0	1	1	1	1	1	1	0	0	1	1	1	1	1	1	 2054631018948378431
1	1	1	0	1	1	0	1	1	1	1	0	0	1	0	0	1	0	1	0	0	0	1	1	0	0	0	0	0	1	0	1	1	0	1	0	1	1	1	1	1	1	0	0	1	0	1	0	1	0	1	0	0	0	1	1	1	1	0	1	1	0	0	0	 -1304738747211144232
0	0	1	1	0	1	1	0	0	0	1	1	0	0	0	0	0	0	0	1	1	1	1	0	1	0	1	0	1	0	1	0	0	0	1	1	0	1	0	0	0	0	1	0	1	1	1	1	0	1	0	0	1	0	0	0	0	0	1	0	1	1	0	0	 3904654593299007532
0	0	1	1	1	0	0	0	1	0	0	0	0	0	0	1	1	1	1	0	1	0	1	1	0	1	0	1	0	1	0	1	0	1	0	1	0	1	0	0	0	1	1	1	0	0	1	1	1	1	0	1	1	0	1	0	1	0	1	1	1	1	1	1	 4071794289841265343
1	1	0	0	0	1	1	1	0	0	0	0	0	1	0	1	0	0	1	0	0	1	1	0	1	0	1	1	1	1	1	1	0	0	1	1	1	1	0	1	1	1	1	0	0	1	0	0	0	0	0	1	1	0	1	0	0	0	0	1	0	1	1	0	 -4105832882459370986
1	0	0	0	0	1	0	0	1	1	0	0	1	1	1	1	1	1	1	1	0	0	1	1	1	0	1	0	0	1	1	0	1	1	1	1	0	0	1	1	0	0	1	0	1	0	0	0	0	1	1	1	1	0	0	1	1	0	1	1	1	0	1	1	 -8876608442154321477
1	0	0	0	1	0	0	1	0	1	1	1	1	0	1	1	1	0	1	1	1	0	0	0	0	0	0	1	0	0	1	0	0	1	0	0	1	0	0	0	1	1	0	0	0	0	1	1	0	0	1	1	0	1	1	1	1	1	1	1	0	1	0	0	 -8540029879708338188
1	1	1	0	1	0	0	0	1	1	0	0	1	1	1	1	1	0	0	1	0	0	0	1	0	1	0	1	0	1	0	0	1	0	0	1	1	0	0	0	0	0	1	0	0	0	0	0	0	0	0	0	1	1	1	0	0	1	0	0	1	1	0	1	 -1670957144215646643
1	0	0	1	1	0	1	0	0	0	0	1	1	1	1	1	0	1	1	0	0	1	1	0	1	0	0	0	0	1	0	1	0	0	1	0	1	1	1	0	0	1	0	1	0	1	1	1	1	0	1	1	0	1	0	1	0	1	0	0	1	0	0	0	 -7341036145396435640
1	0	0	0	1	0	1	1	1	0	0	0	1	1	1	0	1	1	0	0	1	1	1	0	0	0	0	0	1	1	0	1	0	1	0	0	0	1	0	1	0	1	0	1	1	0	0	1	0	0	0	1	1	1	0	0	1	1	1	1	0	1	1	1	 -8390542499351290633
1	1	1	0	0	0	0	1	1	1	0	1	0	1	0	0	1	1	1	1	0	1	1	1	0	0	0	0	1	0	1	1	1	0	0	1	0	0	1	1	1	0	1	0	0	1	1	0	1	1	0	0	0	0	0	1	1	0	1	1	1	0	0	0	 -2173841091019226696
1	0	1	1	1	0	1	1	0	1	0	0	0	1	1	1	1	0	0	1	1	1	0	0	1	0	1	1	1	0	1	1	0	1	0	0	1	0	0	0	1	1	1	1	0	1	1	1	0	0	0	0	1	0	0	0	1	1	0	0	0	0	1	1	 -4951816937073604413
1	0	0	1	1	1	1	1	0	1	1	0	0	0	1	1	0	0	0	0	0	0	1	1	1	0	1	1	1	1	1	1	0	0	0	1	0	0	0	1	0	1	0	0	1	1	1	0	0	0	1	0	1	1	0	1	0	1	0	1	0	0	1	1	 -6961716479820681901
0	1	1	0	0	0	0	0	1	1	1	1	1	1	0	1	1	0	1	1	0	1	0	1	0	0	0	0	1	0	0	0	0	1	1	0	0	0	1	0	0	0	1	1	1	1	0	1	0	1	0	1	1	1	0	0	1	0	1	1	0	0	0	0	 6988941244361432240
1	1	0	1	0	1	1	1	0	1	0	1	0	0	0	1	0	1	0	0	1	0	0	0	1	0	1	1	0	0	1	1	1	0	1	1	0	0	1	1	1	1	1	1	1	1	1	1	1	1	1	1	1	1	0	0	1	0	0	1	0	0	1	0	 -2931481945785238382
1	0	0	1	1	0	0	1	1	0	1	0	0	0	1	0	0	0	0	0	1	0	1	1	0	0	1	1	0	0	1	1	1	0	1	1	0	0	1	0	0	1	0	0	0	0	1	1	1	1	1	0	0	1	1	1	0	0	1	0	1	1	0	0	 -7376320923017418964
1	0	1	1	0	1	1	0	1	1	0	0	0	0	1	0	0	1	1	1	1	1	1	0	0	1	0	1	0	0	0	0	0	0	0	0	0	0	0	1	1	0	1	0	1	0	1	0	1	0	0	1	0	0	1	0	0	0	0	1	1	0	0	1	 -5277516931234360807
1	1	1	1	0	1	1	1	1	0	1	0	1	0	1	0	1	1	0	1	1	1	0	1	0	0	1	0	0	0	0	1	0	1	1	0	1	1	0	0	1	1	0	0	1	1	0	0	0	0	1	0	0	1	0	1	1	0	0	0	0	1	0	1	 -600424464671562363
1	0	1	0	1	0	0	0	1	1	0	1	1	0	0	0	1	0	1	0	0	0	1	1	1	1	0	0	1	1	1	1	1	0	0	1	0	0	0	0	1	0	1	1	0	0	0	0	1	1	0	1	0	1	0	1	0	1	1	1	1	1	0	1	 -6280089568487090819
0	1	0	0	1	1	1	1	0	0	0	0	0	1	1	0	0	0	0	0	0	1	0	1	0	0	0	0	1	0	0	0	1	0	0	1	0	1	0	1	1	1	1	1	1	1	1	1	0	1	0	0	0	1	1	0	0	1	0	1	1	0	0	0	 5694244313290983000
1	0	1	1	1	0	1	0	0	1	1	0	1	1	1	0	1	0	1	1	0	1	0	1	1	1	1	0	1	0	1	0	0	1	0	1	0	1	1	1	1	0	0	0	1	0	1	0	1	0	0	1	1	0	1	1	1	1	1	1	1	0	0	1	 -5012869317121106951
1	0	1	1	1	1	0	1	1	1	0	1	0	0	1	0	1	1	1	0	1	0	0	1	0	0	1	1	0	1	0	0	0	0	1	1	1	0	1	0	0	1	0	1	1	1	1	0	1	1	0	0	1	1	0	0	1	1	0	0	1	1	1	1	 -4768492644905071409
0	0	0	0	1	0	0	1	1	1	0	1	1	1	1	1	1	0	1	0	1	1	1	1	0	0	0	0	0	0	0	1	1	1	0	1	1	1	1	1	1	0	0	0	0	1	1	0	1	1	0	1	1	0	0	1	0	1	1	0	1	0	0	1	 711479688727812457
0	0	1	0	0	1	1	1	1	1	0	0	0	1	0	1	1	0	0	1	1	1	0	1	1	0	0	1	0	1	0	1	1	0	0	0	1	0	0	0	0	0	0	0	0	1	1	0	1	0	0	1	1	1	1	1	0	1	1	0	1	1	0	1	 2865870003449012077
1	0	0	1	1	0	0	1	1	1	0	0	0	0	0	0	1	0	0	0	1	1	0	1	1	0	0	0	1	0	1	0	1	0	0	1	1	0	0	1	1	1	1	1	1	1	0	1	1	0	1	1	1	0	1	0	0	0	0	0	1	0	0	1	 -7367733363949585911
0	1	0	1	0	0	1	1	0	1	0	1	0	1	1	1	1	0	1	1	0	1	1	1	0	0	0	0	0	0	1	1	1	0	0	1	0	0	0	1	0	0	0	0	1	0	0	0	0	1	0	0	1	1	1	1	0	0	0	0	0	0	1	0	 6005469854067871490
1	1	0	0	1	0	0	0	0	1	1	1	0	0	0	1	0	1	1	1	0	0	0	0	0	0	0	1	1	0	1	1	0	1	1	1	0	1	1	0	0	1	1	1	0	0	1	1	1	0	1	0	0	1	1	1	1	0	0	1	0	1	0	1	 -4003295330501941355
0	1	0	0	1	0	1	1	1	1	0	0	0	1	0	1	1	1	1	0	0	1	1	1	1	0	1	1	0	1	1	0	0	0	1	0	1	0	1	1	1	0	1	0	1	1	0	0	1	1	0	1	0	0	0	1	0	0	0	0	0	1	1	0	 5460024892859404550
0	1	1	1	0	0	0	0	1	1	0	0	0	1	1	0	1	0	1	1	0	1	0	0	1	1	0	0	1	1	0	1	1	0	1	1	1	1	1	1	1	1	0	0	0	0	1	1	1	0	1	1	1	0	0	1	0	1	1	0	0	1	0	0	 8126381373415209316
1	0	0	0	1	0	1	0	1	0	0	1	1	0	0	1	1	1	1	0	1	0	0	1	0	0	0	0	1	1	0	1	0	0	0	1	1	1	0	0	0	0	0	1	0	1	1	0	1	0	0	0	1	1	1	1	0	1	0	1	1	1	1	0	 -8459474182523678882
0	0	1	0	1	0	1	1	1	1	0	1	1	0	1	1	0	0	0	0	0	0	1	1	0	1	0	1	1	0	0	0	1	0	1	0	0	1	1	1	1	0	1	1	0	0	1	1	1	1	0	0	0	0	1	0	0	1	0	0	0	1	0	0	 3160123242836116036
1	1	0	1	0	1	1	1	0	0	1	1	0	0	0	0	0	1	1	1	1	1	0	0	1	1	1	1	1	0	1	1	1	0	0	0	0	1	1	1	1	0	1	0	0	1	0	0	0	0	1	0	1	0	0	1	0	0	1	0	1	0	0	1	 -2940713136918615767
1	0	0	0	0	1	0	1	0	1	1	1	1	1	1	1	0	0	1	1	0	1	0	1	1	0	1	0	1	1	1	1	0	0	1	1	0	0	1	0	1	0	0	0	0	1	1	1	1	1	1	0	0	0	1	0	0	1	1	1	0	1	1	1	 -8827277718039567753
1	0	1	1	1	0	0	1	1	0	1	1	1	0	0	0	0	1	0	1	1	0	0	0	0	1	0	0	0	1	1	0	1	0	1	0	1	1	1	0	1	1	0	0	1	0	0	0	0	1	1	0	0	0	1	1	0	0	1	0	0	1	0	1	 -5064200720374799579
0	0	0	0	0	1	0	1	1	0	1	1	1	1	1	1	0	0	0	0	0	0	0	0	0	0	1	1	0	0	1	1	1	0	0	0	1	0	0	1	1	0	1	0	1	0	1	0	0	0	1	0	1	1	1	1	0	0	1	1	0	1	0	1	 414049912094338869
0	1	1	0	0	0	0	0	1	0	0	1	1	0	1	1	0	1	0	0	0	1	1	0	0	1	1	1	1	0	0	1	0	0	1	0	0	1	0	0	1	0	0	0	0	1	0	1	0	0	1	0	0	0	0	1	1	1	0	1	1	1	1	0	 6961235135148925406
1	1	1	1	1	1	1	1	0	0	1	0	1	0	1	0	1	1	0	0	1	0	1	1	0	0	0	1	1	0	1	1	1	1	1	0	1	0	0	1	0	1	0	0	1	0	0	1	0	0	0	1	0	1	1	0	0	0	0	1	1	1	0	1	 -60012324277643747
1	1	1	1	1	0	0	1	0	1	0	0	0	0	0	0	0	0	1	1	0	1	0	0	1	1	0	1	1	1	1	1	1	1	0	0	1	1	0	1	1	0	1	1	1	1	0	1	0	0	1	0	1	1	0	1	0	0	0	0	1	1	0	0	 -486330623921935092
1	1	1	1	1	0	0	0	1	0	0	1	0	0	1	1	1	0	0	0	1	1	1	1	1	1	0	1	0	1	1	0	0	0	1	0	1	1	1	1	1	0	0	0	1	1	0	1	0	0	0	1	0	1	0	1	0	1	1	0	1	0	0	0	 -534925780643408536
1	1	0	1	0	1	1	0	1	1	0	0	1	0	1	0	1	0	1	0	0	0	0	1	1	1	0	0	1	1	0	0	0	1	1	0	1	0	1	0	0	1	0	1	1	0	0	1	0	1	0	1	1	1	1	1	1	0	1	1	0	1	1	1	 -2969383104967778377
1	1	1	0	0	1	1	0	1	0	1	0	0	0	0	1	1	0	1	0	1	0	1	0	0	1	1	1	1	1	1	1	0	1	1	0	1	1	0	0	0	1	1	0	1	1	1	0	0	0	0	1	0	1	0	1	1	0	1	1	1	0	0	0	 -1827992509478988360
1	0	1	0	0	1	0	1	0	1	0	0	0	0	0	1	1	0	1	1	1	0	0	0	1	0	0	0	0	0	1	0	1	0	0	0	0	0	1	1	0	0	1	1	0	1	0	0	0	1	1	1	1	0	1	0	0	0	0	1	0	1	0	0	 -6538742313278735852
1	1	0	1	0	1	1	1	1	1	0	0	1	1	0	1	0	0	0	0	1	0	0	1	0	1	0	0	0	1	0	1	0	0	0	0	0	1	0	0	1	0	1	0	1	0	1	0	0	1	1	1	1	0	1	0	1	0	0	1	1	1	0	1	 -2896648793293686115
0	0	0	0	0	0	1	1	0	1	1	0	1	1	0	1	0	0	1	1	1	0	1	0	0	1	0	1	1	1	1	0	0	0	0	0	1	0	0	1	0	1	0	1	1	1	0	0	0	1	1	0	0	0	1	1	0	1	1	1	0	0	0	1	 246917730133631857
0	0	1	1	1	0	1	1	1	0	0	0	1	0	1	1	0	0	0	1	1	0	1	1	0	0	1	0	0	0	0	1	0	1	1	1	0	1	1	0	0	0	0	1	0	0	1	1	0	0	0	0	0	1	1	0	1	1	0	1	1	0	0	0	 4290552900529358552
1	0	1	1	1	1	0	1	1	1	1	1	1	1	1	0	1	0	1	0	0	0	0	1	1	1	0	0	1	0	0	1	0	1	0	1	1	1	0	1	0	1	1	1	1	1	1	1	0	0	1	0	0	0	0	0	1	1	1	0	1	1	0	1	 -4756186270227554067
0	1	1	1	1	1	0	0	0	1	1	1	1	0	0	0	0	1	0	0	0	1	1	0	1	0	0	0	0	1	0	1	0	0	1	1	1	0	0	1	1	0	1	1	0	1	1	0	0	1	0	0	1	0	0	0	0	1	0	1	1	1	0	1	 8968996195921184861
0	1	1	1	0	0	1	0	1	1	1	1	0	0	1	1	0	0	0	1	1	0	1	0	1	0	0	1	0	1	0	0	0	1	1	1	0	1	0	1	0	0	1	1	0	1	0	0	0	1	1	1	1	1	1	1	0	1	0	1	0	1	1	1	 8282993364588330839
1	0	1	1	1	0	1	0	0	0	1	1	0	0	1	1	0	0	1	0	1	0	1	1	0	0	1	1	1	0	1	0	0	1	1	1	1	0	1	1	0	1	1	0	0	0	1	0	1	1	1	0	1	0	1	1	1	0	1	1	0	1	1	1	 -5029628828664534089
0	0	1	0	0	0	1	0	1	1	1	0	0	0	1	1	0	0	1	1	0	1	1	0	0	0	1	0	0	0	1	1	0	1	0	0	1	0	1	0	1	0	1	0	1	1	0	1	0	0	1	0	1	0	0	0	1	0	1	1	1	0	1	1	 2513912542207486139
0	0	1	1	1	0	1	0	1	1	0	0	0	1	1	1	1	0	0	1	0	1	0	0	0	1	1	1	1	1	1	0	0	1	1	0	1	1	0	1	1	0	1	0	1	0	0	1	0	1	0	1	0	1	1	1	1	1	0	1	1	1	1	1	 4235517245291845599
