0
0.3515625
0.3525390625
0.3525390625
0.3603515625
0.3603515625
0.3779296875
0.3779296875
0.3779296875
0.3779296875
0.3837890625
0.3837890625
0.3837890625
0.39453125
0.3935546875
0.3935546875
0.3935546875
0.3916015625
0.3916015625
0.3896484375
0.3896484375
0.38671875
0.38671875
0.3681640625
0.3681640625
0.357421875
0.0986328125
0.0986328125
0.0986328125
0.0986328125
0
0.287109375
0.2880859375
0.2880859375
0.2958984375
0.2958984375
0.3134765625
0.3134765625
0.3134765625
0.3134765625
0.3193359375
0.3193359375
0.3193359375
0.330078125
0.330078125
0.3291015625
0.3291015625
0.3291015625
0.3291015625
0.3271484375
0.3271484375
0.3251953125
0.3251953125
0.322265625
0.322265625
0.3037109375
0.3037109375
0.29296875
0.0361328125
0.0361328125
0.0361328125
0.0361328125
0.0341796875
0.0341796875
0.0341796875
0
0.3251953125
0.326171875
0.326171875
0.333984375
0.333984375
0.3515625
0.3515625
0.3515625
0.3515625
0.357421875
0.357421875
0.357421875
0.3681640625
0.3681640625
0.3681640625
0.3681640625
0.3681640625
0.3681640625
0.3681640625
0.3681640625
0.3681640625
0.3681640625
0.3515625
0.3515625
0.3515625
0
0.4501953125
0.451171875
0.451171875
0.458984375
0.458984375
0.478515625
0.478515625
0.478515625
0.478515625
0.484375
0.484375
0.484375
0.4951171875
0.4951171875
0.4951171875
0.4951171875
0.4951171875
0.4951171875
0.4951171875
0.4951171875
0.4951171875
0.4951171875
0.4951171875
0.4951171875
0.4951171875
0.4951171875
0.4951171875
0.8642578125
0.92578125
0.9267578125
0.92578125
0.92578125
0.9267578125
0.9267578125
0.92578125
0.92578125
0.9267578125
0.9267578125
0.9267578125
0.9267578125
0.92578125
0.9267578125
0.9267578125
0.9267578125
0.92578125
0.9267578125
0.9267578125
0.9267578125
0.92578125
0.9267578125
0.9267578125
0.9267578125
0.9267578125
0.9267578125
0.9267578125
0.9267578125
0.92578125
0.9267578125
0.92578125
0.9267578125
0.9267578125
0.92578125
0.9267578125
0.9267578125
0.92578125
0.9267578125
0.92578125
0.92578125
0.9267578125
0.916015625
0.9150390625
0.9140625
0.9140625
0.9130859375
0.9140625
0.9111328125
0.912109375
0.912109375
0.9111328125
0.912109375
0.9111328125
0.912109375
0.912109375
0.912109375
0.912109375
0.912109375
0.912109375
0.912109375
0.912109375
0.9111328125
