3.910240299908833705e-01
1.613958440973943809e-01
3.910248604941513051e-01
2.582915004975872009e-01
3.955530950987009575e-01
4.929220052443339384e-01
3.955530950987009575e-01
4.138189753974144125e-01
1.045151067946615164e+00
4.090644984783535776e-01
4.738107281189583020e-01
4.124938220991749560e-01
2.456814960849511564e-01
4.287057804429492691e-01
2.229275644856967276e-01
4.439319872497504704e-01
4.037408058809957012e-01
4.424772650225419213e-01
2.868197254454640799e-01
-4.589056089709560027e-01
2.392203641755328292e-01
3.927868062117410020e-01
4.424772650225419213e-01
2.986833263228687585e-01
4.424772650225419213e-01
9.174458250006933824e-01
4.052164602861081377e-01
4.167241208559131493e-01
3.815760254308839805e-01
4.130121879487047565e-01
9.550662161798824101e-01
9.117815253301229106e-01
3.819625409967626339e-01
2.415233488707668741e-01
4.475740711566755792e-01
4.401596728192158636e-01
3.937553445392110163e-01
4.387386361748282226e-01
9.674806432379297050e-01
3.520215731494387157e-01
4.424772650225419213e-01
3.822486435417955519e-01
9.675424619625188072e-01
4.089875280276897840e-01
4.102115120611484755e-01
4.290545782321784074e-01
4.426663092206650774e-01
3.031939798309464251e-01
2.033083543727185472e-01
8.306543487859086028e-01
2.170109844162722013e-01
2.620566474950534186e-01
9.671174905141084466e-01
3.910248604941513051e-01
2.677812294585306674e-01
8.768631727219213801e-01
3.894878583403693639e-01
2.482872247508636221e-01
2.851722193161618790e-01
4.401596728192158636e-01
8.382419165739589673e-01
2.597515235827883018e-01
3.377503538784436543e-01
9.750176489208639552e-01
9.208181976117044698e-01
9.314706671933050686e-01
4.402933459357951662e-01
8.799132888582859024e-01
4.410818382100911705e-01
3.208567718891641718e-01
3.843161173743352421e-01
3.013575931698211363e-01
4.440682125021409021e-01
4.187100039142093166e-01
8.499123253794165223e-01
3.815698177630180155e-01
4.089914816038868750e-01
2.897202247648307250e-01
9.258539330256168043e-01
2.826799662669214896e-01
2.893233679022229055e-01
1.941378923573280346e-01
2.713933492757929500e-01
4.575514963160527415e-01
3.927868062117410020e-01
3.977480620686106860e-01
9.340100367356241051e-01
5.205720162740146151e-02
9.686439227955885301e-01
3.892570598098314960e-01
2.375314136259545350e-01
9.419879064192242524e-01
1.047925492966721883e+00
9.209980919461555615e-01
3.983909625238153396e-01
4.255517244790167908e-01
8.298903891780424757e-01
3.997753915562567428e-01
9.280475132684911088e-01
3.231494334120794676e-01
9.093017166922505723e-01
9.430968142858615622e-01
1.894395338602476997e-01
9.039473251744380988e-01
2.589119771735637343e-01
4.127028265591503597e-01
3.941891765851393004e-01
3.813832403882839728e-01
2.535459726766999822e-01
4.038424719154205533e-01
3.813832403882839728e-01
4.110918656168065510e-01
4.697356571285196125e-01
9.196919348553889151e-01
4.053433320657928718e-01
8.384407537617404316e-01
3.910248604941513051e-01
2.341203419744557479e-01
3.949573140114877035e-01
9.668003763625234726e-01
8.819319942365906329e-01
3.038116781706845515e-01
2.387117867972916585e-01
2.266469230363110654e-02
3.963406331211514200e-01
3.977952695138879946e-01
4.440682125021409021e-01
4.779658657315009052e-01
3.834294753704012848e-01
4.112372899451726127e-01
2.604364862243597756e-01
4.338717084618179953e-01
3.927868062117410020e-01
3.955530950987009575e-01
1.772985833538838207e-01
4.393189414657241443e-01
9.603484482525415089e-01
4.059819719348594091e-01
2.405455174173836141e-01
9.581344844812589301e-01
3.910248604941513051e-01
