0
0.421875
0.4228515625
0.4228515625
0.4306640625
0.4306640625
0.4482421875
0.4482421875
0.4482421875
0.4482421875
0.4541015625
0.4541015625
0.4541015625
0.46484375
0.46484375
0.4638671875
0.4638671875
0.4638671875
0.4638671875
0.4619140625
0.4619140625
0.4599609375
0.4599609375
0.4599609375
0.4599609375
0.443359375
0.443359375
0.4365234375
0.140625
0.2578125
0.2578125
0.2578125
0.2578125
0.26171875
0.26171875
0.26171875
0.26171875
0.26171875
0.26171875
0.26171875
0.26171875
0.26171875
0.26171875
0.26171875
0.26171875
0.26171875
0.26171875
0.26171875
0.26171875
0.26171875
0.26171875
0.2578125
0.2578125
0.2578125
0.2578125
0.2578125
0.2578125
0.2578125
0.2578125
0.2578125
0.2578125
0.2578125
0.2578125
0.2578125
0.2578125
0.2578125
0.2578125
0.2578125
0.2578125
0.2578125
0.2578125
0.2578125
0.2578125
0.2578125
0.2578125
0.2578125
0.2578125
0.2578125
0.2578125
0.2578125
0.2578125
0.2578125
0.2578125
0.2578125
0.2578125
0.2578125
0.2578125
0.2578125
0.2578125
0.2578125
0.2578125
0.2578125
0.2578125
0.2578125
0.2578125
0.2578125
0.2578125
0.2578125
0.2578125
0.2578125
0.2578125
0.2578125
0.2578125
0.2578125
0.2578125
0.2578125
0.2578125
0.2578125
0.2578125
0.2578125
0.2578125
0.2578125
0.2578125
0.2578125
0.2578125
0.2578125
0.2578125
0.2578125
0.2578125
0.2578125
0.2578125
0.2578125
0.2578125
0.2578125
0.2578125
0.2578125
0.2578125
0.2578125
0.2578125
0.2578125
0.2578125
0.2578125
0.2578125
0.2578125
0.2578125
0.2578125
0.2578125
0.2578125
0.2578125
0.2578125
0.2578125
0.2578125
0.2578125
0.2578125
0.2578125
0.2578125
0.2578125
0.2578125
0.2578125
0.2578125
0.2578125
0.2578125
0.2578125
0.2578125
0.2578125
0.2578125
0.2578125
0.2578125
0.2578125
0.2578125
0.2578125
0.2578125
0.2578125
0.2578125
0.2578125
0.2578125
0.2578125
0.2578125
0.2578125
0.2578125
0.2578125
0.2578125
0.2578125
0.2578125
0.2578125
0.2578125
0.2578125
0.2578125
0.2578125
0.2578125
0.2578125
0.2578125
0.2578125
0.2578125
0.2578125
0.2578125
0.2578125
0.2578125
0.2578125
0.2578125
0.2578125
0.2578125
0.2578125
0.2578125
0.2578125
0.2578125
0.2578125
0.2578125
0.2578125
0.2578125
0.2578125
0.2578125
0.2578125
0.2578125
0.2578125
0.2578125
0.2578125
0.2578125
0.2578125
0.2578125
0.2548828125
0.2548828125
0.2548828125
0.25
0.25
0.25
0.25
0.25
0.2373046875
0.2021484375
