0.0 0.66680002057
0.0341796875 0.673250515255
0.0361328125 0.80037092438
0.0986328125 0.528310206717
0.2021484375 0.352599659727
0.25 0.450308278382
0.2548828125 0.414536580699
0.2578125 0.342733232118
0.26171875 0.185297982519
0.2958984375 0.448200992088
0.3037109375 0.616397047384
0.3134765625 0.347617240411
0.3193359375 0.247775565592
0.322265625 0.562385010862
0.3251953125 0.394855097794
0.3310546875 0.42143086699
0.33984375 0.484836151253
0.345703125 0.658835819223
0.3515625 0.31901490813
0.35546875 0.467688223408
0.3564453125 0.450755688048
0.357421875 0.865169330023
0.3681640625 0.411035054361
0.3837890625 0.319807543656
0.38671875 0.308703777523
0.3896484375 0.230187041297
0.3935546875 0.369769219193
0.4228515625 0.313760339896
0.4306640625 0.503783008458
0.4482421875 0.642822019075
0.451171875 0.615643242434
0.4541015625 0.456324634935
0.4599609375 0.57220556539
0.4609375 0.435635263581
0.462890625 0.375371897454
0.478515625 0.461413723104
0.48828125 0.431514725305
0.490234375 0.407398674925
0.494140625 0.496399354541
0.4951171875 0.432557607712
0.49609375 0.382853879283
0.5048828125 0.488490942343
0.5068359375 0.373746460716
0.869140625 0.632342748819
0.87890625 0.317690721427
0.8857421875 0.41437413754
0.88671875 0.586768202831
0.9072265625 0.559503291236
0.9091796875 0.40630900316
0.91015625 0.443497947284
0.9375 0.728844542047
0.9384765625 0.493229727052
0.947265625 0.792062244937
0.9482421875 0.56943348999
0.95703125 0.412601689083