5.096425327065563504e-01
3.866462095421610567e-01
4.106424743665478272e-01
4.734959703490638216e-01
4.942035695309748289e-01
4.004519126317809818e-01
4.471791636587124086e-01
4.724471238069128387e-01
4.716945581182059866e-01
3.951429515042058083e-01
4.158321633568007880e-01
4.405756609158160697e-01
4.906638512502706218e-01
4.966690583295097494e-01
4.474980364977703684e-01
4.236597231123447327e-01
4.590592889252487763e-01
4.156411386711010292e-01
3.472639256779686545e-01
4.629348707825158837e-01
4.237517905530435169e-01
4.520550699356860602e-01
4.386721092055115290e-01
4.170336024558778942e-01
4.607155104742808871e-01
4.292570338492030513e-01
3.968753302531407567e-01
4.638997804188711993e-01
4.427625246197582354e-01
4.026971825646804004e-01
3.885813198951567071e-01
4.370728338934746771e-01
4.558847298200390807e-01
4.200690379450112144e-01
4.269425574241790255e-01
3.969113707396186297e-01
4.488921354113404871e-01
3.986424110308391389e-01
4.154678537526404480e-01
4.965808422132809707e-01
3.683213632219899947e-01
4.453757961917286790e-01
3.912884310592630865e-01
4.018517413941118943e-01
3.975045384852727293e-01
4.183138799438158029e-01
4.454513661401254265e-01
4.244734002841486498e-01
4.541906603707016044e-01
4.116342483525386453e-01
4.085465411980234163e-01
4.203278820788021730e-01
4.580967631852377875e-01
4.260664918720571959e-01
4.462133887251507613e-01
4.617693004502061993e-01
4.252085030472894656e-01
4.415750166865198278e-01
4.172796865298689650e-01
4.242121011149560528e-01
4.614331464011829920e-01
4.739308405736853413e-01
3.625595619556481464e-01
4.845186956669980671e-01
4.360473478121854041e-01
5.156338169236043267e-01
4.326045769717346556e-01
4.546846331222099136e-01
4.609269340912199309e-01
4.871252850955343772e-01
3.985665748287228749e-01
4.122865246614615953e-01
4.553537434771584569e-01
3.910205255287831361e-01
4.077897997387179285e-01
4.360782857820513780e-01
4.217524631856875428e-01
4.372389567704615954e-01
4.047904820283790284e-01
4.807830538180073998e-01
4.268704029395269939e-01
4.546052130453784312e-01
4.513763760710006179e-01
4.011104360361031351e-01
4.384357814681088539e-01
4.520576866169914720e-01
4.273630933737589399e-01
4.448658605891527285e-01
4.554597516250289968e-01
4.027346881194702743e-01
4.695679692652550696e-01
4.518912236862007714e-01
4.442267424708291057e-01
4.020267937049595841e-01
4.254673767175230492e-01
3.938748020196943256e-01
3.936010312280842638e-01
4.281196816572954700e-01
4.078935793818637134e-01
4.857817163112628234e-01
4.324532556214666923e-01
3.845658212501248951e-01
4.842202161200191424e-01
4.631628897258675548e-01
4.892579911638240131e-01
4.557661849224040052e-01
4.220691342700380599e-01
5.059806219077269684e-01
3.658661489723538662e-01
4.534036683685130353e-01
4.268509160732872343e-01
4.773594014297042887e-01
3.698218711605328335e-01
4.365006903541786554e-01
4.303698239477736220e-01
4.078826015992874088e-01
4.896547614262630188e-01
3.732461159453233646e-01
4.867200376833345499e-01
4.513749892679850828e-01
4.726407123355336748e-01
4.150460842861807831e-01
3.914100584644558123e-01
4.321177775221485828e-01
5.061734527958676733e-01
3.592113719704571051e-01
4.616378929268208364e-01
4.824945420406699381e-01
3.819209777679677953e-01
4.013166486847097869e-01
4.337439683550943781e-01
4.625931936911225617e-01
3.975890844785279765e-01
4.357045941149262913e-01
4.141773352960623211e-01
4.053344725980359553e-01
4.349559342527456463e-01
4.497538888508454957e-01
4.257369097804513669e-01
4.163930665747706539e-01
4.713041685799080338e-01
