4.191321595314150272e-01
4.191321595314150272e-01
4.191321595314150272e-01
4.191321595314150272e-01
4.191321595314150272e-01
4.191321595314150272e-01
4.191321595314150272e-01
4.191321595314150272e-01
1.051820262542292994e+00
4.191321595314150272e-01
4.191321595314150272e-01
4.191321595314150272e-01
4.191321595314150272e-01
4.191321595314150272e-01
4.191321595314150272e-01
4.191321595314150272e-01
4.191321595314150272e-01
4.191321595314150272e-01
4.191321595314150272e-01
4.191321595314150272e-01
4.191321595314150272e-01
4.191321595314150272e-01
4.191321595314150272e-01
4.191321595314150272e-01
4.191321595314150272e-01
1.051820262542292994e+00
4.191321595314150272e-01
4.191321595314150272e-01
4.191321595314150272e-01
4.191321595314150272e-01
1.051820262542292994e+00
4.191321595314150272e-01
4.191321595314150272e-01
4.191321595314150272e-01
4.191321595314150272e-01
4.191321595314150272e-01
4.191321595314150272e-01
4.191321595314150272e-01
4.191321595314150272e-01
4.191321595314150272e-01
4.191321595314150272e-01
4.191321595314150272e-01
4.191321595314150272e-01
4.191321595314150272e-01
4.191321595314150272e-01
4.191321595314150272e-01
4.191321595314150272e-01
4.191321595314150272e-01
4.191321595314150272e-01
4.191321595314150272e-01
4.191321595314150272e-01
4.191321595314150272e-01
4.191321595314150272e-01
4.191321595314150272e-01
4.191321595314150272e-01
1.051820262542292994e+00
4.191321595314150272e-01
4.191321595314150272e-01
4.191321595314150272e-01
4.191321595314150272e-01
4.191321595314150272e-01
4.191321595314150272e-01
4.191321595314150272e-01
4.191321595314150272e-01
4.191321595314150272e-01
1.051820262542292994e+00
4.191321595314150272e-01
4.191321595314150272e-01
4.191321595314150272e-01
4.191321595314150272e-01
4.191321595314150272e-01
4.191321595314150272e-01
4.191321595314150272e-01
4.191321595314150272e-01
4.191321595314150272e-01
4.191321595314150272e-01
4.191321595314150272e-01
4.191321595314150272e-01
1.051820262542292994e+00
4.191321595314150272e-01
4.191321595314150272e-01
4.191321595314150272e-01
4.191321595314150272e-01
4.191321595314150272e-01
7.357462064716457917e-01
4.191321595314150272e-01
4.191321595314150272e-01
4.191321595314150272e-01
4.191321595314150272e-01
4.191321595314150272e-01
4.191321595314150272e-01
7.357462064716457917e-01
7.357462064716457917e-01
4.191321595314150272e-01
4.191321595314150272e-01
4.191321595314150272e-01
4.191321595314150272e-01
4.191321595314150272e-01
7.357462064716457917e-01
4.191321595314150272e-01
7.357462064716457917e-01
4.191321595314150272e-01
4.191321595314150272e-01
1.051820262542292994e+00
4.191321595314150272e-01
4.191321595314150272e-01
4.191321595314150272e-01
4.191321595314150272e-01
4.191321595314150272e-01
4.191321595314150272e-01
4.191321595314150272e-01
4.191321595314150272e-01
4.191321595314150272e-01
4.191321595314150272e-01
4.191321595314150272e-01
4.191321595314150272e-01
4.191321595314150272e-01
4.191321595314150272e-01
4.191321595314150272e-01
1.051820262542292994e+00
1.051820262542292994e+00
4.191321595314150272e-01
4.191321595314150272e-01
4.191321595314150272e-01
4.191321595314150272e-01
4.191321595314150272e-01
4.191321595314150272e-01
4.191321595314150272e-01
4.191321595314150272e-01
4.191321595314150272e-01
4.191321595314150272e-01
4.191321595314150272e-01
4.191321595314150272e-01
4.191321595314150272e-01
4.191321595314150272e-01
4.191321595314150272e-01
4.191321595314150272e-01
4.191321595314150272e-01
4.191321595314150272e-01
7.357462064716457917e-01
4.191321595314150272e-01
