2.261648739699748667e-01
8.221790436304532435e-02
3.843533076319656239e-01
2.583327923432361395e-01
4.278400250360019363e-01
5.121088164759979300e-01
4.278400250360019363e-01
4.376844180240024862e-01
9.090464477413715549e-01
4.034407936642989689e-01
4.410632483810670301e-01
4.377353440966484932e-01
2.716801625502651696e-01
4.554095143977971993e-01
2.402757234169254907e-01
4.116751279873764879e-01
4.016854570379391198e-01
4.459326496139905949e-01
2.558023339129076312e-01
3.719995970339167179e-01
4.968121269763203784e-02
3.725099687636626022e-01
4.459326496139905949e-01
2.584330826469991571e-01
4.459326496139905949e-01
9.051806594454601118e-01
4.760890449999917173e-01
3.656470642057567666e-01
4.018940563932287269e-01
3.868281100570212239e-01
9.013920422493097995e-01
8.464182141470613097e-01
1.151090100957472551e-01
4.958352673395127752e-02
4.491433603024543864e-01
4.344751653525489310e-01
4.576439927634194937e-01
4.276180795136608204e-01
9.140904277002701583e-01
4.753764380493632480e-01
4.459326496139905949e-01
6.144024254981101940e-01
9.066708564138648008e-01
4.911389230770280001e-01
4.037714311757238939e-01
5.127584507271447656e-01
4.412093769047058522e-01
2.577781351354215822e-01
2.375420834135124615e-01
9.181611766113886297e-01
1.984364795524098390e-01
2.570099419675497820e-01
9.084935217923200135e-01
3.843513334263772840e-01
3.509700808269227146e-01
9.057081057822640169e-01
4.568751118978977566e-01
2.596984906729997711e-01
2.525381082112798659e-01
4.344751653525489310e-01
8.292834701469158354e-01
2.558995711972866793e-01
2.405079822454863070e-01
8.402501770498642664e-01
8.459876463182465223e-01
9.073800196603767354e-01
4.089947741082622379e-01
9.076554151597915343e-01
3.446286144745980273e-01
2.577348505985495031e-01
4.580095604506166929e-01
2.588647435873352443e-01
4.086338149858019797e-01
4.053209908439296960e-01
8.296511603187437522e-01
4.524726348378007579e-01
2.734182804303175729e-02
2.532088024852723329e-01
9.120321668822808370e-01
2.353139643814867732e-01
2.568271497776746237e-01
2.538154138044430574e-01
2.499463980871152735e-01
3.028654672791870617e-01
3.725099687636626022e-01
4.408762175926850269e-01
8.403817332291336761e-01
3.447277634242849054e-01
8.466281567376481298e-01
4.704259655734941425e-01
2.306619757729149178e-01
8.712709355114012233e-01
9.122028431209199262e-01
9.077272236656139803e-01
4.113229558005397912e-01
3.498165045991439293e-01
8.332386261049404830e-01
4.483214701002933289e-01
9.066706775775057459e-01
2.596503533008669429e-01
9.056599593354204281e-01
8.451998959001483236e-01
9.400909262550927181e-02
9.096704192311304560e-01
2.406365257054230433e-01
4.216569738274356105e-01
4.287209688729061163e-01
4.110611945227558017e-01
2.546900870339041667e-01
3.705255370781483926e-01
4.110611945227558017e-01
4.132293466682281924e-01
3.463876705926876021e-01
9.028820191808333284e-01
4.633422336157306809e-01
8.323649162176676164e-01
3.843304328163807959e-01
2.619031592102456507e-01
4.759600865238664547e-01
9.086119491131907644e-01
9.105186242679050856e-01
2.514047927751446032e-01
2.706132644604903881e-01
4.206447206859960097e-01
4.868183681938487162e-01
4.356518993983482524e-01
4.086338149858019797e-01
6.900094210213549850e-01
4.580265146247879393e-01
4.386677605383479950e-01
2.552402796578374655e-01
4.247930564006563436e-01
3.725099687636626022e-01
4.278400250360019363e-01
5.512674519600269107e-02
4.336385603533128297e-01
8.510355121408506029e-01
4.471602454656644632e-01
4.962809221958908168e-02
9.035558914024020005e-01
3.843623001868903266e-01
