3.451552395609884805e-01
5.020929995691192360e-02
4.162699586496434456e-01
2.568825020617784283e-01
4.172256745852043203e-01
5.047064856090561769e-01
4.172256745852043203e-01
4.139961180527440554e-01
9.214646656665697044e-01
4.232363771781071371e-01
4.519071186415364316e-01
4.127289183571680731e-01
2.542903107579310706e-01
4.153454264061271495e-01
2.509002422931350118e-01
4.221760936971965528e-01
4.186635387787807083e-01
4.244680939638034722e-01
2.764714748092207408e-01
2.904066310048780686e-01
4.975258175283459039e-02
4.161380361084572321e-01
4.244680939638034722e-01
2.574871575535486734e-01
4.244680939638034722e-01
9.387225997244219577e-01
4.206960230850360638e-01
4.550062403042081094e-01
4.145474008447469494e-01
4.205337182694326437e-01
9.355724923126378378e-01
8.664704577578210554e-01
3.180846272199393532e-01
5.235880415886429162e-02
4.246046279341659790e-01
4.212979550549040830e-01
4.190657095942857957e-01
4.203571261942831150e-01
9.077165272657272688e-01
4.093575652706182844e-01
4.244680939638034722e-01
6.000195930001770428e-01
9.473491434811127654e-01
4.742757203249472475e-01
3.635104915493845290e-01
4.202404853177701405e-01
4.233454999822403586e-01
2.647121837554711199e-01
2.352840789436574376e-01
8.462864780641372597e-01
2.580192359792978785e-01
2.364508902584181449e-01
9.513627906463786310e-01
4.162699586496434456e-01
3.347267996187999195e-01
9.475683249958071208e-01
4.189589559729189894e-01
2.554456075205213672e-01
2.656311214424182943e-01
4.212979550549040830e-01
8.579523413692347056e-01
2.699798483273458949e-01
2.771065478346987909e-01
8.623426613095195314e-01
8.848881425120613820e-01
9.450340566737556180e-01
4.664143980090718067e-01
9.598535719461485094e-01
4.682121959241318798e-01
2.749695211433551556e-01
4.185643941065042561e-01
2.650145029812098763e-01
4.212776491523233524e-01
4.200624243722974605e-01
8.659424420521806276e-01
4.186457050283185488e-01
1.308543622482081226e-01
2.761019052460302881e-01
9.745655871130272097e-01
2.533290601323803237e-01
2.739335373672635576e-01
2.425043546146459228e-01
2.490117331955095104e-01
5.819831540912834278e-01
4.161380361084572321e-01
4.191459894255946672e-01
8.525513182295232362e-01
2.222421062807531378e-01
9.343733694887466079e-01
3.433422778517685181e-01
2.487032973341389841e-01
9.377152602584080121e-01
9.858485282357993817e-01
9.258832281531046426e-01
4.171981236332773513e-01
4.212743649160235471e-01
9.150687133561565823e-01
4.179528483992887011e-01
9.847233441006371102e-01
2.690613641653887278e-01
9.374626806867287776e-01
8.871854529035023695e-01
6.671947012829848589e-02
9.184234773321056089e-01
2.494065801630473977e-01
4.129897916765163934e-01
4.187260908557779437e-01
4.174766324186909294e-01
2.662170865124768859e-01
3.473556813888696304e-01
4.174766324186909294e-01
4.359610947041052675e-01
4.869748019601662925e-01
9.158988255995770267e-01
3.761335578793638668e-01
8.993000567326068229e-01
4.162699586496434456e-01
2.486321954685242197e-01
4.875481151440159699e-01
9.442191520112079850e-01
1.002402329021713445e+00
2.703059661335989183e-01
2.538009410974315649e-01
3.892634603590683362e-01
3.450489843136144152e-01
4.205267287808216459e-01
4.212776491523233524e-01
5.430645470379364959e-01
4.151025470538276529e-01
4.151562306552638582e-01
2.414423595083623475e-01
4.181277966755421183e-01
4.161380361084572321e-01
4.172256745852043203e-01
5.265951510693200888e-02
4.203140600048915765e-01
9.233869714417939356e-01
3.523370533849790043e-01
5.102100161195055605e-02
9.378574667981571800e-01
4.162699586496434456e-01
