3.037109375000000000e-01
3.417968750000000000e-02
2.958984375000000000e-01
2.500000000000000000e-01
3.515625000000000000e-01
5.048828125000000000e-01
4.882812500000000000e-01
3.779296875000000000e-01
9.384765625000000000e-01
3.564453125000000000e-01
3.681640625000000000e-01
3.515625000000000000e-01
2.373046875000000000e-01
3.681640625000000000e-01
2.578125000000000000e-01
5.068359375000000000e-01
4.599609375000000000e-01
3.486328125000000000e-01
2.578125000000000000e-01
3.574218750000000000e-01
0.000000000000000000e+00
4.511718750000000000e-01
3.837890625000000000e-01
2.578125000000000000e-01
3.574218750000000000e-01
9.384765625000000000e-01
3.222656250000000000e-01
3.564453125000000000e-01
2.871093750000000000e-01
5.048828125000000000e-01
9.384765625000000000e-01
8.867187500000000000e-01
4.365234375000000000e-01
0.000000000000000000e+00
3.916015625000000000e-01
3.193359375000000000e-01
3.681640625000000000e-01
3.515625000000000000e-01
9.472656250000000000e-01
3.398437500000000000e-01
4.843750000000000000e-01
4.951171875000000000e-01
9.482421875000000000e-01
4.951171875000000000e-01
3.564453125000000000e-01
5.048828125000000000e-01
4.619140625000000000e-01
2.500000000000000000e-01
2.617187500000000000e-01
9.570312500000000000e-01
2.500000000000000000e-01
2.578125000000000000e-01
9.472656250000000000e-01
4.707031250000000000e-01
4.541015625000000000e-01
9.375000000000000000e-01
3.681640625000000000e-01
2.578125000000000000e-01
2.578125000000000000e-01
4.541015625000000000e-01
8.867187500000000000e-01
2.578125000000000000e-01
2.500000000000000000e-01
8.857421875000000000e-01
8.867187500000000000e-01
9.384765625000000000e-01
3.564453125000000000e-01
9.482421875000000000e-01
3.564453125000000000e-01
2.578125000000000000e-01
3.935546875000000000e-01
2.578125000000000000e-01
4.306640625000000000e-01
3.896484375000000000e-01
8.867187500000000000e-01
3.222656250000000000e-01
2.929687500000000000e-01
2.617187500000000000e-01
9.482421875000000000e-01
2.617187500000000000e-01
2.548828125000000000e-01
2.617187500000000000e-01
2.617187500000000000e-01
3.574218750000000000e-01
4.609375000000000000e-01
4.619140625000000000e-01
8.867187500000000000e-01
3.300781250000000000e-01
8.857421875000000000e-01
5.068359375000000000e-01
2.578125000000000000e-01
9.384765625000000000e-01
9.375000000000000000e-01
9.482421875000000000e-01
4.433593750000000000e-01
3.867187500000000000e-01
8.789062500000000000e-01
3.291015625000000000e-01
9.482421875000000000e-01
2.500000000000000000e-01
9.472656250000000000e-01
8.857421875000000000e-01
3.613281250000000000e-02
9.384765625000000000e-01
2.617187500000000000e-01
3.681640625000000000e-01
3.916015625000000000e-01
3.261718750000000000e-01
2.578125000000000000e-01
3.681640625000000000e-01
2.880859375000000000e-01
3.681640625000000000e-01
3.564453125000000000e-01
9.482421875000000000e-01
5.048828125000000000e-01
8.857421875000000000e-01
4.589843750000000000e-01
2.500000000000000000e-01
3.457031250000000000e-01
9.384765625000000000e-01
9.384765625000000000e-01
2.578125000000000000e-01
2.578125000000000000e-01
4.951171875000000000e-01
5.048828125000000000e-01
3.398437500000000000e-01
3.603515625000000000e-01
4.951171875000000000e-01
3.291015625000000000e-01
3.935546875000000000e-01
2.578125000000000000e-01
3.564453125000000000e-01
3.525390625000000000e-01
4.482421875000000000e-01
3.613281250000000000e-02
4.951171875000000000e-01
8.867187500000000000e-01
5.048828125000000000e-01
0.000000000000000000e+00
9.472656250000000000e-01
4.687500000000000000e-01
