4630.84
4489.19
4195.48
4659.46
4499.28
4603.96
4697.73
4378.71
4634.52
4669.26
4434.73
4641.59
4684.37
4538.65
4601.07
4645.31
4678.64
4622.84
4652.25
4640.19
4658
4670.42
4641.53
4424.15
4491.22
4442.48
4563.27
4669.07
4574.04
4655.4
4683.7
4058.35
4648.47
4657.03
4407.16
4529.07
4527.32
4455.58
4678.67
4525.77
4639.59
4673.67
4634.84
4606.19
4374.08
4435.82
4689.14
4612.08
4608.46
4204.06
4623.39
4494.16
4678.1
4447.18
4321.53
4070.7
4615.25
4444.41
4481.92
4627.58
4628.4
4548.15
4134.48
4631.9
4594.24
4542.64
4645.25
4666.28
4378.31
4479.62
4663.61
4656.63
4519.24
4494.17
4625.4
4682.54
4513.25
4575.21
4627.53
4454.59
4628.11
4535.88
4261
4669.84
4345.04
4648.04
4287.19
4699.08
4625.2
4675.03
4657.48
4556.45
4654.11
4657.66
4062.09
4057.75
4529.93
4608.72
4052.43
4624.46
4461.96
4489.86
4629.44
4356.65
4484.4
4669.33
4591.14
4637.97
4678.15
4540.17
4201.28
4497.41
4551.23
4075.89
4630.69
4702.78
4575.02
4630.79
4674.6
4472.66
4701.87
4623.56
4522.73
4509.15
4679.61
4664.06
4706.99
4690.59
4643.44
4672.18
4546.42
4488.61
4209.7
4686.07
4663.92
4688.5
4140.24
4405.52
4436.27
4714.54
4650.21
4673.6
4574.92
4162.25
4664.54
4610.12
4635.33
4515.3
4339.96
4659.69
4376.82
4695.73
4622.58
4519.54
4653.1
4465.5
4583.04
4455.86
4087.11
4646.91
4598.92
4396.68
4558.68
4672.08
4269.1
4141.24
4687.14
4684.31
4676.24
4664.42
4667.08
4620.21
4461.83
4665.39
4661.62
4561.3
4502.65
4420.7
4529.21
4603.4
4335.55
4376.99
4668.27
4669.71
4551.22
4688.03
4699.9
4623.07
4597.9
4626.52
4524.38
4222.83
4388.39
4697.42
4522.34
4241.77
4632.83
4244.31
4303.72
4690.44
4451.79
4674.85
4547.94
4681
4646.82
4672.81
4632.43
4244.21
4557.86
4643.03
4123.91
4693.49
4667.74
4542.8
4662.45
4633.01
4515.29
4628.33
4259.51
4442.77
4653.87
4664.31
4669.35
4528.68
4685.69
4293.38
4567.06
4473.65
4528.18
4120.68
4641.14
4544.48
4683.33
4208.33
4447.92
4618.97
4329.15
4667.94
4511.6
4264.33
4673.06
4548.4
4495.72
4092.91
4575.1
4665.25
4252.86
4669.49
4647.32
4694.39
4416.93
4649.3
4667.99
4670.78
4507.3
4072.57
4654.7
4084
4296.81
4067.2
4654.89
4612.31
4651.81
4673.55
4362.95
4586.25
4354.06
4472.81
4664.55
4191.92
4653.04
4389.98
4648.03
4605
4445.09
4621.96
4494.35
4212.84
4200.42
4540.31
4653.03
4673.29
4426.68
4605.78
4656.48
4451.5
4402.82
4597.7
4590.73
4207.57
4675.15
4498.39
4669.12
4500.32
4678.8
4074.58
4594.63
4619.24
4639.9
4186.14
4578.41
4676.38
4518.68
4503.66
4599.69
4683.68
4149.37
4654.46
4684.79
4647.23
4673.72
4604.99
4316.11
4654.19
4629.22
4071.08
4065
4599.96
4614.89
4655.25
4639.11
4666.78
4667.12
4216.25
4446.22
4709.62
4416.17
4276.7
4628.12
4494.16
4464.82
4560.08
4606.22
4625.95
4068.15
4663.58
4161.14
4104.36
4522.43
4701.87
4261.71
4472.43
4469.92
4480.75
4634.93
4065.55
4630.47
4615.29
4658.74
4361.38
4668.51
4667.1
4642.65
4278.04
4649.05
4681.96
4538.82
4648.48
4474.27
4652.02
4059.16
4675.97
4647.99
4437.47
4630.96
4503.51
4674.15
4666.93
4631.74
4661.17
4598.58
4679.72
4480.23
4480.73
4680.21
4644.61
4663.33
4623.19
4533.31
4520.82
4414.95
4070.19
4431.52
4502.35
4280.94
4526.46
4487.22
4330.9
4535.61
4676.74
4451.3
4658.87
4060.63
4638.83
4680.65
4613.12
4599.98
4630.06
4652.42
4162.55
4645.32
4300.69
4654.67
4507.81
4546.4
4470.07
4299.24
4352.06
4547.03
4685.02
4468.28
4514.47
4601.26
4522.15
4421.44
4134.36
4254.49
4601.58
4322.3
4364.29
4710.48
4652.22
4669.5
4673.83
4144.09
4295.82
4634.99
4519.33
4645.72
4657.02
4539.36
4673.15
4721.21
4662.95
4279.27
4434.44
4603.38
4615.21
4690.98
4540.92
4669.58
4709.65
4502.46
4521.78
4206.64
4211.17
4686.96
4616.61
4401.42
4678.99
4452.98
4425.04
4571.12
4626.03
4640.68
4598.04
4600.37
4655.31
4689.96
4632.07
4617.59
4415.74
4622.85
4424.14
4630.4
4417.02
4655.49
4624.24
4605.47
4540.58
4649.45
4074.8
4056.12
4657.85
4669.29
4196.69
4289.84
4213.92
4684.9
4328.62
4554.53
4634.64
4503.13
4670.86
4112.25
4636.79
4665.73
4639.45
4071.84
4555.12
4645.91
4546.47
4651.78
4662.22
4611.1
4637.82
4632.44
4652.65
4657.15
4666.38
4657.34
4578.46
4677.61
4698.04
4607.17
4570.72
4498.39
4640.31
4660.7
4516.74
4240.15
4574.32
4694.36
4272.27
4633.02
4308.53
4662.76
4663.53
4539.11
4594.14
4558.77
4347.68
4655.96
4637.49
4635.77
4404.83
4689.32
4282.16
4647.19
4180.1
4465.93
4557.89
4241.86
4429.21
4503.55
4407.88
4661.29
4353.72
4681.75
4420.92
4630.71
4642.79
4114.31
4337.45
4669.79
4698.51
4669.28
4647.01
4674.51
4686.61
4111.67
4606.61
4649.73
4565.3
4668.89
4078.28
4640.2
4499.14
4165.03
4671.7
4334.81
4229.88
4071.92
4659.62
4670.81
4476.91
4598.62
4356.94
4066.95
4556.87
4456.29
4608.62
4561.61
4567.65
4683.93
4448.38
4682.88
4632.11
4340.89
4649.26
4654.57
4645.57
4395.16
4446.35
4528.75
4640.67
4642.48
4654.16
4660.79
4626.68
4672.59
4655.01
4567.56
4420.38
4635.72
4218.63
4674.3
4379.97
4670.59
4676.72
4694.33
4673.39
4252.4
4676.66
4673.29
4599.46
4608.36
4059.82
4180.76
4621.71
4681.92
4687.51
4370.29
4534.53
4546.82
4530.26
4671.39
4662.76
4598.02
4669.6
4682.02
4057.41
4539.49
4515.22
4332.5
4301.17
4677.56
4329.98
4674.15
4677.49
4475.77
4547.95
4678.28
4694.19
4317.75
4508.61
4597.37
4633.8
4685.95
4367.46
4467.24
4513.24
4628.1
4547.26
4333.39
4672.83
4703.9
4261.47
4662.02
4436.84
4691.63
4225.67
4626.88
4466.43
4583.85
4560.34
4610.52
4494.61
4617.39
4658.87
4572.19
4644.49
4674.95
4606.05
4656.59
4684.29
4250.82
4660.72
4652.06
4282.24
4653.64
4563.12
4441.55
4410.22
4668.63
4689.72
4481.79
4659.73
4494.02
4508.98
4675.49
4172.73
4668.3
4508.25
4399.37
4639.5
4665.9
4675.78
4579.51
4676.83
4687.14
4273.04
4698.78
4655.19
4585.84
4250.93
4663.63
4335.02
4070.56
4521.92
4649.6
4669.28
4563.38
4546.37
4418.47
4213.14
4680.29
4670.25
4383.64
4602.62
4688.06
4511.83
4672.02
4536.52
4674.49
4416.36
4366
4658.67
4620.63
4492.65
4625.35
4493.63
4658.78
4641.21
4673.78
4638.84
4637.54
4460.4
4413.83
4690.19
4611.1
4571.27
4611.3
4363.73
4484.4
4370.54
4641.45
4322.39
4675.36
4130.34
4610.9
4390.85
4671.37
4414.18
4651.49
4332.6
4512.29
4606
4506.59
4668.24
4585.21
4590.63
4663.06
4664.82
4658.22
4689.68
4066.96
4534.23
4292.72
4659.96
4647.65
4496.7
4449.71
4275.49
4305.53
4672.36
4277.52
4089.86
4485.9
4690.16
4691.27
4507.09
4556.22
4625.36
4365.1
4593.28
4356.29
4365.85
4198.89
4680.43
4636.76
4669.5
4640.32
4704.57
4669.41
4499.51
4359.7
4426.38
4191.24
4204.94
4095.45
4409.97
4293.02
4210.79
4206.52
4213.64
4078.34
4525.18
4701.43
4565.78
4600.74
4088.95
4674.6
4582.24
4633.65
4670.29
4592.3
4306.25
4700.95
4466.11
4575.94
4635.73
4636.33
4567.34
4238.47
4489.59
4625.03
4449.04
4567.35
4650.89
4690.22
4548.37
4529.74
4642.71
4264.01
4659.86
4582.61
4638.66
4525.55
4659.28
4641.35
4670.1
4456.57
4445.35
4601.87
4677.36
4670.75
4382.87
4146.83
4614.53
4667.54
4556.51
4520.79
4657.79
4178.15
4537.05
4596.39
4507.82
4411.3
4529.32
4487.9
4625.43
4676.78
4410.93
4418.64
4393.57
4648.16
4256.1
4506
4686.27
4250.57
4631.86
4600.97
4647.66
4447.87
4678.1
4664.15
4560.39
4490.33
4098.21
4433.03
4612.73
4388.54
4344.8
4374.32
4380.91
4623.16
4523.18
4624.76
4174.25
4207.07
4416.88
4168.45
4655.03
4567.87
4656.69
4616.91
4496.18
4552.97
4627.68
4296.69
4062.96
4530.77
4572.72
4628.42
4481.54
4673.19
4585.09
4601.22
4064.42
4543.98
4679.08
4390.33
4442.21
4592.89
4496.9
4521.88
4425.13
4672.61
4649.69
4508.98
4469.76
4647.7
4407.05
4065.99
4493.47
4652.68
4493.56
4626.51
4636.72
4389.17
4675.12
4645.9
4518.51
4546.45
4655.9
4695.07
4600.14
4595.9
4236.03
4685.92
4434.04
4505.52
4682.87
4679.06
4664.05
4614.48
4613.93
4072.69
4555.88
4257.55
4585.01
4631.75
4659.24
4448.77
4418.63
4481.91
4650.03
4641.87
4461.21
4508.85
4665.48
4621.6
4059.68
4601.29
4571.06
4342.21
4678.76
4282.16
4311.53
4660.12
4598.89
4551.09
4387.04
4637.28
4410.47
4317.31
4270.31
4426.86
4656.19
4646.55
4182.22
4291.13
4648.29
4456.42
4153.59
4449.92
4672.2
4631.75
4677.04
4613.12
4638.78
4084.91
4669.14
4315.27
4636.08
4507.44
4675.98
4656.1
4650.72
4655.35
4649.43
4471.89
4572.09
4390.17
4604.95
4544.45
4160.28
4583.97
4578.9
4705.76
4675.84
4666.15
4463.82
4652.85
4123.29
4254.49
4661.19
4547.19
4638.14
4640.42
4607.26
4459.92
4627.23
4467.29
4184.86
4687.37
4328.31
4603.37
4682.34
4279.86
4663.51
4630.72
4683.3
4587.83
4609.18
4592.26
4665.65
4467.89
4694.93
4256.44
4584.44
4643.78
4599.16
4400.08
4555.24
4461.16
4690.24
4064.51
4420.64
4465.56
4521.45
4098.45
4423.62
4634.85
4693.48
4587.96
4249.98
4581.66
4672.95
4596
4634.13
4434.86
4446.44
4679.03
4327.75
4442.43
4446.51
4671.14
4498.86
4682.18
4172.09
4514.5
4652.92
4428.39
4687.79
4597.94
4587.65
4604.82
4619
4608.72
4548.57
4487.39
4073.48
4715
4615.87
4635.06
4533.57
4668.07
4632.56
4141.23
4608.07
4666.42
4320.67
4352.01
4319.68
4177.37
4289.38
4649.59
4296.83
4329.15
4675.62
4639.68
4672.85
4618.91
4466.76
4656.29
4663.29
4398.13
4665.03
4631.8
4388.96
4658.95
4409.45
4681.06
4652.49
4657.08
4664.6
4677.64
4647.06
4645.3
4417.93
4563.4
4679.21
4659.46
4607.9
4595.21
4591.54
4592.21
4671.97
4651.97
4460.76
4592.59
4501.64
4660.53
4070.07
4648.56
4128.39
4706.01
4408.55
4642.64
4523.2
4582.05
4540.76
4332.58
4427.06
4678.98
4670.68
4448.79
4273.99
4612.68
4459.64
4580.4
4367.5
4622.34
4482.45
4494.7
4519.28
4617.62
4335.79
4479.36
4513.04
4665.8
4369.32
4605.57
4693.56
4648.06
4477.84
4691.17
4512.41
4559.36
4665.94
4649.13
4663.54
4562.09
4649.76
4674.43
4560.79
4622.59
4610.74
4510.08
4511.34
4408.57
4641.05
4619.9
4600.85
4658.18
4656.86
4682.03
4667.02
4243.43
4567.58
4614.04
4621.07
4647.78
4676.23
4456.92
4547.36
4688.23
4564.04
4712.07
4607.36
4583
4652
4656.8
4655.19
4668.22
4644.94
4535.89
4048.84
4505.01
4476.71
4545.27
4369.22
4468.24
4196.17
4239.49
4657.54
4640.15
4677.21
4664.48
4672.07
4676.62
4679.87
4644.6
4425.64
4671.39
4633.25
4645.38
4576.5
4524.96
4280.6
4643.52
4677.75
4635.11
4667.72
4667.22
4199.67
4615.04
4461.19
4416.77
4270.07
4562.76
4679.65
4662.98
4653.33
4616.54
4480.22
4377.44
4610.72
4393.03
4376.63
4602.4
4655.78
4660.44
4092.24
4120.23
4471.99
4660.29
4678.34
4669.75
4615.39
4681.08
4646.26
4544.06
4314.66
4569.45
4478.81
4228.2
4069.14
4350.22
4425.92
4673.75
4567.52
4654.51
4515.49
4664.42
4417.26
4523.9
4433.13
4641.03
4533.19
4618.96
4165.77
4605.86
4494.79
4605.8
4501.58
4649.72
4651.99
4422.05
4625.06
4642.3
4548.99
4636.7
4470.08
4679.03
4667.15
4135.14
4633.61
4484.93
4694.58
4619.57
4685.42
4686.77
4530.45
4595.22
4062.72
4659.05
4143.66
4681.87
4235.05
4197.3
4652.7
4482.89
4670.14
4444.79
4196.92
4618.51
4326.39
4239.8
4497.6
4605.79
4692.06
4609.71
4526.87
4247.52
4631.24
4664
4058.7
4668.11
4677.76
4632.15
4406.22
4425.86
4682.07
4678.84
4474.29
4648.88
4624.28
4070.25
4577.39
4629.63
4531.23
4685.4
4543.3
4639.27
4053.75
4156.16
4671.08
4261.75
4664.74
4619.08
4638.08
4572.77
4444.57
4690.82
4461.44
4612.16
4626.92
4135.79
4681.27
4699.94
4614.56
4415.78
4640.73
4433.79
4540.56
4533.12
4227.65
4463.55
4700.88
4643.6
4716.78
4454.73
4416.74
4433.2
4644.65
4407.03
4664.49
4682.91
4635.7
4425.05
4381.6
4436.69
4362.53
4643.7
4674.06
4487.6
4554.81
4064.99
4415.55
4648.59
4279.78
4519.29
4162.97
4673.01
4591.18
4595.53
4595.24
4219.84
4678.64
4676.19
4562.71
4507.25
4419.09
4599.91
4312.47
4430.37
4672.52
4620.2
4534.07
4438.02
4294.83
4470.08
4685.47
4636.05
4582.42
4294
4672.96
4610.52
4493.8
4184.02
4534.8
4674.21
4629.68
4236.41
4577.36
4526.39
4432.23
4461.52
4552.85
4524.85
4670.29
4291.19
4070.47
4685.12
4318.48
4118.4
4113.59
4514.22
4461.07
4610
4510.3
4568.55
4667.13
4122.85
4532.14
4467
4629.29
4257.23
4629.72
4432
4682.71
4581.62
4226.67
4430.78
4490.48
4324.97
4597.31
4615.61
4651.54
4506.94
4673.77
4409.96
4635.87
4669.03
4654.92
4579.78
4660.68
4278.46
4655.82
4273.06
4659.81
4678.81
4617.53
4495.17
4619.59
4630.76
4056.79
4356.34
4606.19
4621.89
4638.82
4205.13
4671.54
4563.24
4654.51
4412.2
4673.55
4606.72
4441.13
4547.22
4665.03
4329.04
4568.74
4591.88
4662.77
4589.28
4512.07
4661.7
4559.82
4536.33
4607.77
4630.62
4344.77
4285.94
4674.14
4362.45
4506.72
4222.61
4470.56
4637.71
4574.56
4676.36
4668.76
4581.32
4705.17
4642.12
4651.85
4513.77
4506.11
4507.48
4663.8
4260.07
4441.83
4651.38
4268.7
4066.83
4431.16
4177.8
4594.74
4554.28
4393.9
4616.36
4425.7
4465.35
4109.78
4596.5
4596
4631.27
4611.03
4677.76
4674.37
4147.82
4501.91
4081.25
4690.96
4531.99
4435.84
4631.91
4647
4679.45
4633.61
4071.11
4660.03
4681.67
4700.49
4473.25
4650.46
4435.56
4658.1
4408.57
4536.03
4596.66
4337.94
4641.69
4416.92
4676.5
4648.01
4648.02
4611.93
4249.03
4501.49
4582.28
4409.91
4660.43
4683.27
4104.21
4617.46
4428.26
4586.06
4519.03
4475.85
4626.5
4669.07
4661.33
4674.36
4633.01
4655.48
4336.38
4494.15
4327.44
4551.33
4666.76
4685.95
4556.23
4551.55
4599.8
4683.02
4607.74
4472.16
4416.87
4602.22
4603.99
4663.91
4678.82
4288.97
4638.42
4413.61
4633.12
4447.98
4660.39
4425.64
4658.02
4335.96
4641.22
4646.58
4402.81
4614.76
4569.22
4621.15
4356.33
4660.45
4640.09
4670.77
4599.33
4625.97
4528.73
4681.26
4483.98
4549.98
4201.6
4648.3
4521.92
4549.41
4505.44
4629.71
4636.3
4462.41
4549.06
4665.48
4605.43
4632.96
4228.19
4649.11
4663.14
4638.27
4278.34
4653.22
4359.66
4558.05
4605.24
4691.02
4568.83
4414.87
4209.27
4631.26
4318.63
4672.04
4454.81
4573.62
4631.56
4684.06
4678.75
4638.93
4216.52
4565.2
4683.77
4441.37
4570.61
4618.93
4469.59
4172.81
4686.34
4632.36
4675.76
4513.98
4472.99
4400.83
4637.95
4603.36
4131.35
4425.42
4665.09
4692.45
4070.33
4426.75
4290.06
4664.64
4566.83
4474.99
4650.93
4367.27
4356.8
4604.8
4644.12
4146.16
4509.09
4633.32
4634.92
4682.9
4694.16
4068.97
4254.66
4663.81
4559.02
4259.54
4592.72
4680.32
4595.34
4484.87
4244.41
4236.43
4445.91
4502.05
4443.95
4662.76
4559.33
4498.14
4546.54
4250.15
4405.6
4421.04
4641.66
4442.75
4180.51
4656.38
4657.98
4560.32
4266.4
4503.2
4660.96
4660.47
4414.01
4673.99
4525.79
4232.6
4370.3
4528.16
4611.62
4331.15
4318.75
4472.22
4575.49
4670.81
4648.13
4660.36
4607.26
4667.7
4644.6
4594.98
4617.4
4624.77
4675.43
4316.79
4407.33
4635.27
4460.02
4371.96
4646.76
4414.46
4703.91
4356.14
4552.83
4062.89
4662.66
4326.03
4064.76
4342.85
4436.92
4628.14
4579.51
4383.98
4667.5
4684.16
4219.68
4107.27
4534.06
4690.36
4674.14
4631.54
4608.65
4438.2
4689.75
4397.74
4529.72
4501.72
4503.27
4682.63
4534.86
4662.87
4371.83
4702.52
4664.35
4055.54
4377.68
4544.59
4100.02
4517.67
4221.58
4218.92
4345.17
4612.63
4503.52
4395.98
4284.18
4550.17
4670.87
4670.9
4456.18
4123.86
4602.59
4674.31
4553.46
4571.71
4663.34
4599.03
4675.98
4532.33
4662.11
4626.78
4662.92
4683.43
4413.26
4693.14
4079.84
4135.83
4669.38
4514.15
4418.34
4485.47
4585.82
4689.9
4615.67
4604.17
4625.45
4253.47
4654.2
4635.62
4587.38
4649.12
4062.6
4687.69
4360.48
4496.94
4656.72
4670.08
4341.11
4481.8
4671.27
4394.91
4394.3
4335.98
4514.64
4549.19
4591.37
4669.14
4410.55
4633.39
4478.77
4663.29
4451.64
4672.53
4620.53
4619.36
4221.28
4642.36
4622.73
4624.63
4545.29
4615.46
4637.53
4152.22
4667.21
4516.13
4516.39
4389.1
4142.36
4658.09
4691.39
4574.8
4610.68
4310.96
4562.53
4669.64
4694.87
4282.42
4671.03
4360.66
4224.11
4593.75
4652.75
4568.92
4680.85
4088
4577.85
4679.26
4624.04
4693.76
4419.02
4679.83
4521.66
4663.61
4413.7
4619.9
4660.31
4645.26
4411.18
4663.56
4612.72
4622.81
4486.01
4361.25
4538.87
4459.82
4243.58
4661.99
4519.55
4422.77
4620.38
4616.51
4574.07
4693.82
4565.56
4624.19
4585.9
4638.7
4654.52
4676.31
4548.68
4586.35
4464.08
4505.78
4672.27
4524.14
4622.31
4679.82
4626.93
4317.61
4585.94
4482.91
4682.26
4627.01
4681.36
4498.73
4651.64
4573.23
4054.88
4535.1
4454.97
4631.02
4575.03
4415.9
4630.94
4519.68
4430.89
4403.87
4494.64
4063.94
4457.08
4675.25
4435.13
4658.13
4547.45
4589.56
4680.56
4625.36
4660.34
4676.65
4653.38
4541.88
4636.69
4540.11
4515.93
4477.71
4514.76
4295.53
4594.88
4454.23
4165.7
4617.65
4668.56
4643.74
4549.39
4351.93
4704.37
4532.63
4444.15
4658.42
4514.91
4661.15
4626.06
4645.19
4653.22
4637.84
4676.96
4617.04
4214.41
4694.12
4605.37
4563.25
4428.95
4658.35
4319.38
4634.77
4555.65
4658.33
4608.12
4539.75
4131.48
4576.56
4650.22
4246.15
4604.93
4614.68
4569.08
4376.33
4628.78
4613.2
4496.2
4665.17
4477.02
4355.33
4643.86
4517.49
4537.85
4457.97
4505.36
4269
4103.49
4602.46
4623.22
4555.88
4428.54
4372.93
4534.13
4639.05
4503.85
4622.29
4502.18
4139.98
4510.9
4597.29
4625.03
4502.25
4511.4
4218.44
4685.89
4676.64
4525.99
4069.74
4622.14
4651.91
4518.78
4622.44
4662.06
4644.4
4427.45
4676.19
4546.57
4491.43
4422.44
4687.49
4457.37
4377.89
4680.09
4071.85
4639.02
4434.89
4682.39
4634.34
4211.93
4550.91
4252.51
4557.31
4524.44
4690.74
4670.36
4661.13
4639.34
4352.52
4679.72
4599.13
4611.95
4652.44
4623.83
4551.58
4636.3
4636.21
4637.35
4624.8
4530.66
4648.59
4692.82
4314.09
4636.47
4134.24
4681.48
4137.17
4671.41
4667.12
4679.36
4465.5
4289.99
4122.52
4524.9
4591.96
4688.03
4632.56
4685.52
4670.6
4663.46
4123.41
4279.01
4574.91
4068.66
4672.18
4582.12
4672.3
4697.8
4537.81
4653.39
4716.94
4079.33
4643.6
4548.02
4464.38
4663.37
4597.93
4275.76
4635.71
4668.51
4398.75
4425.2
4699.69
4671.73
4404.59
4588.04
4511.78
4553.75
4120.81
4646.2
4657.03
4463.83
4626.79
4433.36
4612.86
4664.88
4463.49
4464.61
4545.64
4581.83
4668.62
4645.28
4366.08
4691.07
4385.56
4701.62
4483.19
4486.74
4324
4506.25
4688.73
4651.28
4562.06
4341.15
4598.88
4585.66
4294.35
4509.67
4561.12
4644.62
4480.56
4564.9
4612.44
4424.36
4407.33
4184.32
4667.44
4161.35
4622.52
4170.92
4685.7
4642.99
4368.55
4635.5
4645.01
4508.91
4677.75
4653.87
4539.37
4674.48
4672.35
4650.54
4375.91
4182.01
4575.06
4620.71
4217.45
4124.46
4257.79
4088.59
4593.94
4651.43
4428.17
4663.02
4522.63
4535.39
4652.93
4639.53
4650.3
4655.99
4348.53
4683.18
4537.35
4590.73
4598.68
4676.29
4146.17
4528.34
4626.94
4067.35
4309.2
4622.98
4637.94
4660.06
4655.65
4678.11
4292.55
4687.34
4677.04
4429.34
4331.23
4689.21
4417.78
4660.81
4292.92
4525.95
4518.8
4577.09
4673.86
4564.42
4378.65
4568.63
4537.8
4209.81
4680.25
4607.14
4268.9
4644.19
4511.64
4060.77
4653.96
4633.43
4485.53
4634.72
4675.1
4106.8
4511.99
4478.48
4511.36
4449.19
4647.88
4685.7
4533.87
4217.63
4670.43
4595.78
4267.76
4326.02
4661.84
4654.4
4658.05
4672.95
4265.25
4435.15
4665.37
4120.19
4673.86
4676.26
4543.35
4637.55
4462.83
4689.95
4291.12
4429.31
4523.6
4406.06
4493.59
4605.2
4654.22
4604.74
4483.28
4549.73
4665.15
4678.92
4474.63
4568.11
4529.76
4515.52
4585.27
4675.71
4512.1
4544.27
4545.48
4687.78
4269.75
4536.92
4668.96
4339.44
4677.05
4387.11
4620.8
4652.28
4655.21
4422.97
4646.67
4561.39
4210.59
4372.87
4669.97
4656.92
4662.57
4554.38
4630.02
4680.62
4670.81
4663.18
4252.68
4649.31
4682.49
4282.91
4628.84
4360.88
4351.71
4659.49
4614.23
4341.75
4396.12
4693.07
4690.41
4699.83
4630.58
4428.09
4471.5
4559.2
4544.33
4399.68
4675.86
4504.57
4462.19
4644.89
4495.1
4445.92
4666.16
4627.66
4686.59
4665.34
4112.12
4585.68
4653.18
4605.15
4463.86
4426.03
4676.63
4587.87
4563.28
4547.9
4456.9
4552.87
4441.37
4650.55
4650.09
4483.67
4695.25
4630.7
4595.58
4322.37
4571.8
4688.8
4638.72
4420.2
4684.26
4183.27
4671.77
4499.6
4070.45
4627.19
4671.62
4625.75
4471.9
4651.15
4377.5
4590.95
4292.06
4668.69
4659.21
4653.22
4114.58
4682.5
4626.27
4661.96
4655.52
4060.81
4491.41
4110.38
4652.99
4630.03
4612.7
4655.76
4643.53
4666.51
4423.98
4266.4
4316.28
4639.81
4657.05
4088.32
4543.74
4201.25
4630.33
4502.98
4603.65
4617.83
4380.89
4282.44
4543.45
4651.55
4640.23
4659.51
4439.2
4523.99
4527.51
4629.59
4227.4
4631.15
4154.26
4589.49
4492.85
4621.54
4069.06
4688.13
4267.21
4419.47
4520.98
4601.97
4155.45
4609.52
4642.3
4657.88
4426.56
4433.95
4244.37
4646.36
4329.97
4673.37
4593.78
4234.13
4550.26
4691.9
4442.24
4211.95
4471.52
4572.12
4274.47
4362.09
4671.52
4658.5
4647.15
4471.56
4650.05
4460.25
4702
4660.59
4585.67
4617.71
4588.49
4625.31
4492.31
4331.75
4484.46
4319.85
4666.6
4666.19
4244.55
4568.48
4616.85
4549.1
4309.49
4160.58
4684.55
4416.65
4228.57
4581.78
4477.48
4676.64
4704.04
4175.08
4038.9
4537.32
4661.09
4294.68
4404.54
4676.29
4655.79
4399.67
4586.25
4661.21
4322.24
4641.26
4644.28
4565.99
4649.32
4497.45
4464.6
4655.72
4643.85
4602.02
4655.09
4648.81
4657.72
4651.55
4652.37
4655.45
4628.63
4672.83
4634.75
4556.06
4491.45
4453.28
4463.45
4610.19
4520.26
4053.77
4439.17
4653.74
4611.03
4395.33
4688.72
4364.83
4694.36
4141.65
4654.94
4627.81
4627.73
4422.99
4434.92
4598.19
4671.57
4524.12
4618.87
4473.46
4577.02
4602.77
4336.43
4621.62
4506.96
4669
4452.84
4672.32
4557.38
4623.21
4489.46
4660.12
4495.23
4073.39
4674.52
4463.09
4425.63
4687.48
4293.97
4660.18
4654.86
4290.76
4458.79
4685.64
4667.25
4661.6
4489.59
4663.79
4397.74
4623.44
4414.36
4660.26
4617.2
4409.36
4677.84
4333.05
4430.81
4384.41
4616.22
4562.92
4654.12
4617.91
4575.01
4665.09
4682.55
4606.56
4644.66
4521.61
4692.08
4673.87
4514.38
4638.53
4644.64
4280.42
4616.17
4630.97
4651.52
4455.19
4413.77
4578.09
4671.83
4640.42
4548.74
4416.85
4664.77
4664.42
4710.34
4544.35
4673.1
4558.68
4624.3
4645.03
4673.43
4441.25
4658.53
4603.48
4709.9
4652.59
4659.52
4645.57
4678.14
4314.78
4398.32
4570.5
4605.59
4434.85
4563.23
4670.41
4251.89
4620.04
4540.27
4256.53
4589.38
4677.52
4655.44
4649.31
4054.67
4659.11
4658.05
4664.15
4528.49
4227.01
4597.17
4624.26
4588.45
4607.89
4540.09
4552.33
4442.94
4577.48
4603.86
4458.19
4655.93
4157.88
4283.73
4647.03
4211.69
4182.36
4604.26
4614
4516.77
4245.12
4144.58
4635.82
4423.41
4436.34
4669.88
4693.34
4683.86
4632.91
4491.65
4485.68
4712.5
4556.37
4660.56
4680.79
4100.78
4644.65
4290.84
4629.24
4643.76
4532.81
4524.24
4445.36
4678.34
4459.59
4628.23
4664.48
4123.38
4302.72
4658.92
4643.9
4678.78
4441.51
4656.77
4272.72
4203.43
4695.95
4640.53
4637.95
4483.4
4524.04
4677.79
4486.98
4170.58
4666.8
4594.47
4644.95
4066.35
4522.9
4618.26
4434.69
4658.39
4599.93
4523.61
4645.39
4071.71
4490.63
4690.81
4596.25
4626.49
4455.09
4627.54
4551.2
4526.37
4639
4645.83
4467.18
4291.05
4251.85
4205.09
4207.74
4635.77
4493.81
4316.47
4554.99
4641.28
4612.04
4583.18
4649.89
4674.06
4393.75
4657.12
4524.78
4573.64
4599.65
4638.35
4611.71
4608.84
4271.23
4330.53
4622.33
4429.28
4594.08
4668.55
4547.65
4687.55
4591.99
4599.31
4632.13
4603.7
4652.64
4497.19
4445.59
4645.07
4546.06
4504.42
4543.28
4612.86
4564.92
4532.19
4420.9
4648.66
4678.91
4670.88
4684.7
4663.65
4644.96
4588.44
4634.5
4454.69
4429.57
4393.67
4535.44
4683.05
4674.15
4600.74
4662.72
4675.79
4676.66
4393.2
4491.91
4596.84
4649.93
4535.63
4428
4086.17
4459.09
4230.97
4667.73
4657.04
4675.1
4640.85
4500.18
4621.82
4522.41
4623.69
4590.74
4590.32
4317.74
4656.37
4675.23
4383.74
4540.3
4563.98
4079.37
4482.36
4401.82
4427.09
4491.95
4595.72
4653.71
4438.72
4623.19
4570.71
4674.46
4671.85
4328.9
4585.56
4662.31
4545.62
4094.82
4715.82
4669.93
4261.71
4451.41
4664.51
4331.55
4681.16
4253.46
4446.99
4446.38
4629.35
4134.28
4643.2
4691.52
4691.08
4554.37
4329.18
4509.58
4474.79
4333.58
4638.31
4611.43
4531.4
4054.17
4082.85
4615.34
4539.5
4688.75
4646.16
4319.36
4435.33
4660.39
4287.22
4630.29
4662.12
4532.7
4066.79
4059.68
4576.19
4207.16
4623.83
4450.36
4609.6
4603.38
4307.63
4485.73
4337.41
4285.79
4632.22
4614.77
4667.93
4432.49
4599.85
4472.02
4267.11
4653.44
4437.95
4675.72
4562.33
4652.36
4539.5
4227.26
4629.13
4609.44
4399.79
4647.03
4570.57
4430.1
4563.03
4497.34
4697.43
4396.84
4614.07
4677.98
4561.95
4094.02
4544.31
4351.28
4543.4
4537.87
4657.39
4656.68
4207.22
4547.85
4660.95
4539.29
4544.67
4642.99
4665.38
4523.51
4445.16
4130.71
4239.46
4059.93
4324.98
4575.15
4448.31
4649.98
4204.69
4065
4188.15
4201.11
4676.24
4527.13
4522.52
4569.3
4579.58
4628.27
4641.19
4659.66
4158.71
4476.44
4677.41
4544.97
4635.04
4446
4523.56
4365.95
4543.52
4430.27
4104.09
4662.45
4288.37
4553.36
4573.54
4419.22
4672.59
4374.04
4621.99
4503.22
4445.79
4680.02
4673.01
4489.13
4510.76
4691.58
4667.78
4657.32
4496.04
4669.91
4673.71
4357.99
4694.19
4641.31
4449.19
4576.09
4678.95
4665.49
4664.74
4555.99
4458.07
4625.56
4445.71
4375.65
4704.37
4669.07
4613.16
4487.05
4344.16
4518.89
4502.1
4676.12
4217.13
4673.97
4064.61
4556.87
4594.68
4297.87
4411.26
4675.96
4666.76
4377.02
4064.54
4607.97
4656.06
4666.69
4636.33
4392.65
4628.08
4630.62
4546.04
4451.83
4432.31
4373.83
4647.21
4418.25
4132.97
4649.12
4629.95
4711.58
4214.12
4491.47
4675.11
4658.92
4673.24
4652.84
4150.21
4621.12
4458.04
4382.15
4642.37
4475.78
4504.09
4626.31
4234.1
4712.61
4519.37
4417.82
4213.82
4683.37
4584.43
4454.98
4591.45
4467.07
4645.44
4294.61
4661.97
4395.7
4520.12
4655.12
4546.49
4297.38
4545.2
4257.9
4545.45
4615.81
4513.77
4630.73
4701.06
4244.42
4645.82
4614.28
4373.03
4650.95
4599.14
4671.48
4647.84
4627.8
4665.97
4279.93
4482.08
4653.9
4650.44
4509.31
4673.31
4255.57
4501.62
4428.7
4346.19
4635.42
4656.17
4667.19
4620.02
4684.36
4518.53
4565.99
4672.67
4602.19
4416.52
4190.18
4105.53
4619.46
4628.98
4629.09
4386.5
4594.83
4370.3
4626.26
4619.35
4593.61
4638.97
4633.32
4573.28
4514.38
4669
4200.19
4655.93
4559.72
4676.3
4211.38
4506.27
4650.24
4640.41
4576.3
4480.73
4679.57
4609.78
4669.45
4399.59
4227.82
4642.14
4652.88
4695.88
4674.86
4497.43
4669.39
4608.13
4310.98
4419.19
4659.31
4212.2
4589.31
4644.23
4669.03
4588.53
4376.62
4500.96
4674.73
4646.99
4654.23
4605.85
4627.36
4591.6
4398.55
4664.59
4618.3
4640.69
4406.87
4652.4
4494.27
4682.54
4608.21
4534.09
4554.35
4408.49
4207.36
4623.26
4614.87
4632.56
4615.21
4549.84
4550.04
4670.21
4624.23
4246.74
4549.26
4067.67
4686.93
4502.7
4666.82
4681.54
4202.19
4672.75
4531.57
4508.9
4591.3
4634.05
4622.63
4653.16
4404.01
4693.3
4560.43
4618.07
4682.15
4637.92
4065.85
4636.26
4600.21
4680.66
4308.79
4661.02
4470.37
4556.03
4634.19
4663.53
4670.38
4405.04
4670.06
4405.14
4676.25
4671.58
4361.34
4224.75
4661.62
4276.23
4097.94
4088.09
4571.11
4606.49
4274.33
4655.02
4676.88
4659.34
4162.55
4472.84
4657.52
4197.48
4541.45
4629.74
4657.67
4688.45
4563.08
4675.63
4671.43
4635.74
4356.16
4561.82
4708.36
4564.22
4247.92
4648.56
4591.75
4381.1
4599.89
4615.87
4643.54
4656.93
4542.59
4612.26
4418.73
4632.54
4123.35
4525.16
4283.81
4657.92
4057.77
4564.53
4658.15
4248.81
4568.15
4646.12
4656.64
4067.83
4555.58
4537.74
4259.3
4145.35
4687.68
4689.33
4471.4
4538.5
4268.06
4394.84
4592.45
4584.49
4134.95
4518
4673.96
4642.32
4595
4458.3
4644.34
4516.74
4291.06
4665.49
4570.44
4437.14
4528.52
4604.5
4647.9
4647.15
4544.01
4652.2
4598.58
4276.14
4314.98
4667.57
4674.73
4403.83
4101.09
4650.6
4653.96
4651.89
4695.86
4680.59
4569.2
4555.75
4598.24
4667.09
4707.84
4446.98
4682.48
4661.47
4603.83
4662.15
4655.17
4686.18
4062.94
4284.15
4640.63
4465.59
4635.64
4642.98
4075.82
4357.02
4679.3
4424.25
4684.65
4633.38
4161.34
4667.5
4670.11
4659.78
4251.55
4653.37
4594.94
4636.39
4530.58
4260.92
4583.31
4671.95
4667.9
4200.77
4679.59
4351.42
4657.53
4636.27
4567.41
4666.48
4632.91
4608.43
4611.51
4514.02
4261.98
4291.99
4645.99
4176.4
4518.19
4388.08
4062.11
4607.72
4364.81
4533.05
4634.89
4437.83
4576.79
4633.9
4421.84
4673.03
4690.71
4533.06
4665.42
4290.86
4429.37
4464.51
4416.59
4634.02
4649.01
4625.42
4458.88
4449.33
4664.12
4073.53
4672.87
4676.29
4255.68
4236.86
4573.53
4621.53
4536.5
4672.24
4674.4
4638.38
4624.81
4648.81
4588.1
4093.52
4672.93
4676.89
4697.26
4256.88
4544.32
4544.24
4647.27
4674.59
4510.31
4678.69
4228.29
4233.64
4602.67
4614.8
4671.26
4497.55
4629.04
4228.07
4667.94
4694.45
4601.15
4638.7
4427.19
4500.06
4270.28
4285.92
4110.59
4158.54
4073.17
4262.74
4413.72
4629.55
4600.92
4068.63
4330.28
4657.17
4382.16
4600.51
4664.37
4461.61
4550.35
4317.69
4460.47
4222.82
4674.34
4405.16
4148.33
4534.58
4673.3
4513.48
4429.4
4566.23
4564.7
4633.68
4426.29
4523.37
4598.72
4665.86
4648.07
4519.34
4613.47
4656.96
4285.23
4471.88
4645.18
4665.73
4724.26
4531.36
4665.61
4519.76
4625.4
4666.8
4659.39
4421.18
4664.52
4099.27
4069.31
4622.43
4405.59
4636.97
4447.9
4634.22
4623.37
4551.12
4221.15
4524.49
4680.33
4178.58
4627.58
4665.04
4406.85
4626.21
4669.51
4645.71
4142.94
4562.48
4632.23
4625.57
4315.99
4616.46
4445.36
4607.06
4303.71
4651.57
4689.2
4246.62
4698.79
4674.43
4622.24
4647.32
4638.59
4077.52
4353.65
4626
4525.15
4463.16
4705.63
4659.64
4057.33
4553.74
4636.07
4422.85
4518.36
4539.39
4566.91
4357.52
4562.12
4417.12
4445.7
4641
4430.41
4663.37
4414.56
4592.39
4409
4507.14
4456.75
4686.94
4630.22
4598.41
4587.83
4645.23
4068.2
4600.61
4625.15
4658.75
4387.13
4435.07
4617.68
4385.51
4657.06
4669.88
4688.68
4368.54
4644.33
4578.63
4538.24
4689.19
4661.5
4677.82
4284.61
4415.97
4069.9
4405
4448.71
4617.07
4655.62
4059.9
4680.23
4524.78
4673.67
4632.8
4538.35
4535.37
4159.16
4657.57
4657.21
4201.38
4630.68
4322.34
4623.9
4527.84
4643.44
4648.02
4519.25
4673.17
4672.9
4683.2
4707.6
4591.55
4603.28
4233.7
4613.67
4653.93
4415.01
4635.24
4732.31
4661.46
4077.59
4681.01
4275.06
4704.88
4463.97
4172.88
4658.13
4424.51
4666.87
4659.44
4707.09
4380.94
4650.79
4552.71
4646.7
4640.97
4632.49
4058.84
4167.28
4661.5
4594.23
4061.46
4119.37
4062.65
4563.45
4649.61
4683.73
4549.23
4436.47
4668.64
4662.44
4322.18
4131.96
4638.76
4074.71
4537.76
4697.18
4628.48
4575.77
4372.16
4551.42
4638.6
4646.13
4681.04
4611.49
4396.02
4657.66
4661.95
4535.5
4673.58
4256.88
4642.11
4469.22
4388.09
4661.36
4598.44
4611.62
4619.96
4650.48
4243.96
4482.72
4583.01
4586.01
4301.41
4452.29
4449.26
4670.89
4317.75
4640.72
4066.05
4385.61
4679.8
4391.84
4614.82
4539.55
4681.17
4612.42
4107.17
4061.21
4698.49
4166.15
4255.86
4660.24
4271.43
4674.78
4606.52
4400.51
4642.74
4673.06
4646.52
4674.63
4683.98
4648.73
4665.58
4664.51
4163.13
4659.02
4465.35
4450.45
4647.86
4420.57
4487.37
4655.32
4701.74
4279.35
4657.84
4688.51
4674.7
4695.73
4663.27
4360.84
4479.49
4379.91
4396.98
4618.37
4547.87
4670.71
4675.87
4439.25
4654.41
4667.88
4506.63
4508.31
4679.99
4076.91
4684.03
4566.12
4067.96
4643.66
4049.27
4672.58
4516.46
4698.74
4608.29
4651.94
4696.05
4361.32
4486.97
4600.88
4664.87
4563.71
4217.03
4611.26
4619.16
4605.47
4323.88
4688.19
4611.88
4706.02
4688.25
4402.55
4659.88
4676.99
4599.77
4456.46
4400.07
4698.63
4631.63
4647.92
4672.73
4661.81
4430.42
4603.55
4159.68
4148.95
4580.5
4627.64
4613.42
4346.48
4270.67
4439.2
4143.28
4587.49
4684.95
4317.78
4671.47
4663.03
4567.87
4571.75
4587.17
4620.03
4602.63
4636.43
4303.56
4328.55
4517.69
4673.77
4665.88
4509.16
4066.8
4677.25
4473.36
4494.83
4419.92
4643.73
4663.3
4541.86
4491.72
4651.57
4308.16
4518.62
4641.48
4693.13
4618.91
4674.11
4655.23
4627.34
4659.98
4556.85
4332.69
4661.86
4456.28
4656.06
4576.98
4580.03
4421.52
4684.58
4389.25
4606.39
4411
4669.84
4591.47
4611.57
4274.19
4541.12
4650.15
4680.23
4377.93
4321.16
4669.16
4618.57
4083.44
4592.51
4590.47
4683.41
4648.67
4691.99
4560.44
4420.26
4670.84
4601.44
4473.77
4519.81
4527.53
4427.04
4610.13
4683.91
4657.72
4110.78
4416.45
4621.01
4665.58
4429.48
4529.63
4658.14
4644.96
4195.43
4649.97
4648.6
4488.72
4506.76
4652.68
4534.89
4257.91
4655.76
4281.15
4657.78
4662.36
4363.52
4674.63
4601.49
4509.52
4474.04
4428.93
4667.07
4636.93
4495.12
4663.03
4274.45
4552.26
4645.24
4641.28
4514.38
4509.26
4495.12
4679.31
4522.59
4324.43
4720.81
4657.39
4543.18
4684.2
4397.04
4178.16
4588.68
4667.64
4608.62
4563.3
4667.14
4431.85
4600.39
4531.73
4684.52
4413.35
4667.09
4520.63
4305.15
4623.47
4654.07
4676.35
4622.28
4461.38
4591.51
4687.77
4669.61
4310.7
4172.61
4490.49
4518.42
4470.85
4637.79
4502.02
4453.1
4428.04
4670.45
4645.01
4641.42
4700.75
4478.8
4663.31
4073.46
4534.14
4449.44
4633.5
4691.5
4201.17
4679.49
4702.01
4672.84
4635.57
4594.45
4415.82
4650.64
4600.17
4666.27
4687.57
4638.16
4557.68
4308.93
4447.54
4634.03
4566.76
4543.3
4713.1
4648.92
4069.42
4456.4
4640.78
4524.66
4666.02
4248.39
4674.74
4246.13
4611.87
4407.15
4120.51
4195.49
4671
4392.86
4527.63
4644.03
4693.26
4571.76
4173.35
4701.12
4540.61
4654.41
4650.47
4061.04
4502
4455.16
4418.15
4308.28
4336.17
4127.7
4689.07
4318.99
4643.12
4556.47
4521.93
4314.35
4660.06
4698.65
4661.2
4127.43
4383.16
4642.46
4678.02
4156.65
4067.21
4577.34
4639.82
4529.93
4671.36
4649.89
4648.32
4563.39
4484.6
4491.43
4455.95
4317.43
4656.44
4639.37
4408.27
4645.59
4186.79
4620.6
4640.87
4225.99
4527.86
4610.51
4422.75
4151.98
4564.71
4064.96
4408.84
4473.72
4312.7
4676.68
4684.99
4647.88
4642.3
4662.35
4056.21
4679.77
4591.43
4305.52
4655.03
4489.05
4472.88
4483.33
4654.71
4637.75
4667.2
4532.92
4599.28
4452.14
4602.81
4681.52
4283.12
4658.35
4288.45
4681.16
4669.12
4356.3
4611.51
4677.1
4660.1
4322.35
4423.68
4627.26
4203.04
4599.24
4688.02
4068.61
4671.34
4259.19
4618.32
4678.74
4462.51
4064.02
4605.92
4645.77
4480.37
4462
4597.84
4539.7
4153.54
4673.29
4434.29
4614.28
4499.36
4663.47
4653.31
4309.31
4618.43
4395.52
4450.65
4585.68
4641.82
4654.8
4654.22
4375.28
4675.29
4318.78
4682.37
4673.15
4136.74
4268.66
4691.08
4292.21
4128.85
4630.47
4542.91
4664.08
4303.29
4635.88
4611.37
4653.69
4507.52
4122.13
4660.8
4068.13
4686.99
4550.3
4467.47
4649.3
4649.97
4067.44
4683.52
4642
4644.77
4636.88
4685.1
4685.95
4309.56
4230.58
4439.81
4691.43
4658.8
4426.37
4616.97
4657.44
4558.67
4668.28
4563.55
4672.56
4644.95
4714.1
4654.97
4255.65
4544.21
4417.81
4664.74
4679.59
4691.46
4256.48
4548.1
4666.12
4661.33
4653.51
4689.06
4548.5
4559.08
4497.89
4553.17
4656.99
4671.72
4672.01
4535.79
4674.89
4366.98
4308.67
4674.11
4527.14
4604.13
4684.35
4596.06
4414.93
4668.02
4636.05
4425.1
4415.39
4601.43
4529.34
4536.66
4644.33
4674.66
4679.48
4651.01
4104.98
4374.05
4513.74
4512.2
4675.27
4592.56
4298.72
4537.08
4709.36
4707.72
4682.95
4632.18
4633.67
4499.42
4387.86
4591.64
4574.55
4106.67
4539.37
4679.89
4671.47
4623.87
4670.55
4659.57
4265.03
4620.21
4483.47
4645.96
4516.93
4390.25
4622.51
4682.34
4514.85
4629.52
4609.88
4690.65
4622.24
4506.54
4467.85
4474.42
4647.62
4703.23
4667.11
4652.8
4652.48
4654.97
4656.29
4599.83
4496.94
4069.32
4390.94
4347.03
4401.55
4632.71
4535.48
4414.22
4071.18
4575.3
4596.65
4611.75
4560.96
4565.51
4477.74
4669.31
4594.78
4661.43
4270.05
4494.25
4620.36
4636.71
4429.73
4643.78
4641.51
4633.19
4535.58
4708.85
4601.43
4534.99
4403.8
4513.02
4669.95
4649.88
4616.52
4637.81
4652.89
4632.8
4504.94
4150.93
4075.27
4447.88
4623.23
4403.2
4070.18
4601.5
4518.19
4698.24
4645.51
4077.78
4610.49
4487.56
4678.89
4504.74
4622.22
4490.54
4605.92
4501.06
4694.87
4682.05
4299.97
4650.79
4594.12
4650.47
4517.1
4615.67
4693.66
4475.89
4581.6
4469.84
4677.04
4632.07
4570.39
4492.77
4111.64
4408.24
4564.62
4066.78
4482.4
4660.67
4643.28
4672.96
4277.92
4679.8
4596.51
4589.13
4128.93
4364.5
4598.33
4644.26
4320.41
4250.46
4383.45
4657.09
4328.54
4346.37
4667.89
4614.79
4675.28
4655.76
4616.47
4330.22
4682.7
4607.82
4056.33
4633.82
4487.79
4282.62
4497.17
4643.63
4682.03
4622.26
4699.15
4473.91
4652.04
4660.58
4222.8
4506.2
4093.97
4179.23
4659.73
4719.77
4605.97
4326.47
4496.65
4701.76
4180.35
4174.79
4141.78
4465.25
4390.84
4687.57
4658.26
4285.62
4629.59
4644.23
4636.66
4662.02
4434.35
4419.96
4492.61
4545.43
4130.35
4579.9
4514.58
4615.46
4656.86
4668.07
4505.28
4431.97
4598.25
4369.38
4662.9
4656.88
4648.03
4214.37
4658.52
4465.99
4666.61
4476.45
4620.34
4536.28
4621.33
4541.46
4659
4526.12
4056.4
4268.05
4156.78
4406.2
4426.68
4541.88
4310.1
4444.88
4610.57
4613.47
4657.92
4256.01
4643.67
4580.66
4613.67
4203.28
4499.54
4580.25
4616.35
4541.5
4682.93
4526.87
4534.29
4694.82
4136.25
4706.74
4576.25
4374.37
4665.84
4657.12
4653.42
4613.68
4318.25
4564.51
4523.94
4651.76
4695.54
4681.08
4480.78
4685.76
4528.47
4642.92
4531.25
4480.43
4485.9
4696.91
4663.4
4541.76
4650.74
4582.59
4086.07
4632.7
4476.01
4613.77
4670.78
4622.75
4633.26
4600.7
4251.92
4547.78
4508.29
4696.5
4620.28
4648.84
4653.45
4604.94
4494.74
4575.45
4559.71
4485.32
4373.5
4575.04
4670.24
4476.8
4259.45
4591.98
4656.72
4625.22
4496.75
4610.3
4383.75
4652.26
4630.74
4286.93
4665.3
4319.3
4400.79
4679.08
4617.52
4640.84
4704.05
4270.06
4529.69
4286.69
4522.42
4581.35
4464.87
4070.13
4637.58
4658.71
4624.04
4495.79
4665.03
4460.89
4678.92
4665.36
4490.74
4453.25
4152.17
4292.82
4510.18
4312.18
4674.34
4644.41
4522.14
4533.64
4576.57
4539.84
4666.91
4645.08
4337.03
4226.55
4437.15
4622.14
4696.14
4586.76
4556.17
4653.47
4578.96
4469.51
4617.85
4149.37
4594.78
4678.97
4605.31
4465.6
4063.58
4634.67
4164.78
4665.89
4145.92
4167.7
4611.77
4452.2
4644.6
4637.28
4529.21
4583.64
4507.1
4380.85
4601.92
4474.8
4199.86
4236.81
4675.02
4588.21
4075.38
4647.4
4204.86
4659.79
4549.31
4117.94
4560.38
4345.65
4646.52
4350.43
4638.89
4655.48
4324.4
4645.56
4424.02
4064.77
4635.95
4631.89
4672.49
4484.87
4647.16
4649.15
4227.23
4635.57
4487.51
4647.81
4643.44
4619.84
4599.68
4707.44
4645.39
4397.92
4428.24
4546.21
4664.34
4614.13
4589.32
4595.55
4439.7
4682.55
4616.97
4670.05
4679.46
4256.51
4300.75
4463.58
4676.62
4326.63
4646.05
4309.66
4269.83
4440.29
4600.26
4664.72
4571.67
4609.17
4661.04
4513.04
4716.69
4168.04
4656.98
4671.09
4527.49
4679.3
4266.89
4671.2
4601.71
4490.7
4167.46
4645.82
4621.88
4650.28
4483.4
4309.38
4668.38
4327
4465
4074.69
4655.77
4541.61
4638.04
4673.41
4687.08
4502.33
4203.73
4587.38
4409.7
4523.97
4633.3
4620.55
4626.26
4568.5
4441.21
4523.64
4523.32
4456.41
4232.35
4526.66
4413.24
4542.1
4658.82
4573.31
4381.29
4635.23
4600.75
4565.76
4664.21
4277.34
4635.78
4281.9
4488.9
4675.35
4223.75
4064.6
4680.8
4660.81
4615.36
4439.22
4660.05
4655.19
4668.66
4641
4670.68
4531.87
4372.72
4590.49
4464.51
4316.63
4643.57
4126.55
4060.92
4322
4647.37
4692.92
4600.37
4630.22
4533.97
4294.32
4635.32
4259.72
4460.24
4691.58
4200.87
4220.46
4055.39
4634.1
4706.73
4687.08
4647.69
4417.29
4601.87
4678.9
4596.94
4626.59
4278.49
4477.78
4602.63
4575.28
4551.22
4528.39
4594.89
4670.33
4700.86
4068.23
4623.5
4149.88
4652.76
4398.67
4524.39
4587.48
4570.41
4362.39
4415.44
4530.14
4681.71
4697.59
4662.03
4549.87
4661.39
4655.11
4672.14
4581.72
4688.74
4258.65
4594.39
4625.42
4532.93
4566.73
4356.73
4640.46
4689.59
4151.32
4702.56
4552.52
4523.45
4517.35
4260.39
4626.42
4664.29
4537.36
4099.36
4276.97
4427.78
4603.64
4654.84
4538.05
4378.55
4427.69
4218.36
4663.96
4646.54
4641.44
4455.68
4482.87
4658.33
4398.87
4416.57
4604.35
4663.54
4674.53
4676.14
4566.6
4456.05
4662.79
4524.8
4378.6
4657.62
4620.56
4212.68
4540.95
4214.56
4601.86
4633.71
4587.75
4653.61
4650.62
4060.12
4685.13
4632.7
4163.66
4608.81
4412.21
4412.44
4349.08
4588.65
4615.58
4085.43
4521.1
4622.33
4281.28
4678.46
4467.2
4685.71
4362.18
4658.03
4140.19
4636.84
4631.28
4330.09
4296.01
4620.69
4517.82
4449.83
4675.54
4437.27
4461.72
4647.72
4517.24
4387.43
4444.96
4680.05
4431.25
4635.36
4653.25
4444.78
4447.39
4590.32
4357.98
4445.18
4068.85
4625.73
4679.83
4682.4
4673.19
4429.26
4574.83
4517.01
4644.27
4689.29
4649.28
4127.51
4674.52
4622.64
4586.5
4382.39
4597.02
4361.21
4500.88
4660.23
4616.83
4656.18
4639.03
4404.06
4628.69
4464.24
4676.78
4537.56
4658.51
4623.04
4687.53
4528.12
4610.59
4677.44
4511.66
4676.27
4610.74
4672.1
4619.06
4542.76
4229.47
4671.67
4401.99
4582.6
4669.72
4657.63
4614.57
4682.59
4302.42
4417.23
4658.63
4641.96
4551.15
4654.6
4686.74
4491.87
4289.28
4652.32
4673.03
4282.19
4532.59
4466.9
4622.44
4629.11
4712.35
4512.39
4396.25
4556.92
4215.23
4569.42
4261.74
4427.76
4557.51
4654.67
4672.74
4396.33
4653.49
4529.72
4515.68
4442.54
4603.23
4621.1
4280.77
4658.5
4637.61
4598.35
4523.88
4677.24
4664.52
4086.22
4622.38
4399.65
4671.68
4578.55
4693.66
4722.96
4242.01
4647.23
4232.04
4544.08
4662.47
4090.46
4648.79
4379.83
4641.31
4659.62
4267.08
4680.82
4407.78
4603.92
4632.37
4674.86
4522.64
4508.76
4265.64
4666.37
4624.67
4464.01
4686.59
4685.95
4667.13
4609.99
4621.95
4298.93
4617.54
4618.96
4623.92
4570.95
4600.88
4438.98
4583.67
4636.07
4652.19
4654.19
4687.8
4466.64
4706.32
4419.8
4607.19
4652.95
4319.47
4656.96
4680.56
4244.43
4679.89
4678.49
4310.04
4626.76
4629.25
4667.36
4667.94
4332.39
4522.25
4505.03
4534.59
4585.68
4055.84
4681.48
4685.28
4668.84
4326.93
4289.1
4516.81
4242.03
4404.96
4390.49
4664.6
4671.81
4648.33
4619.69
4536.93
4661.36
4057.79
4686.95
4458.85
4647.21
4100.01
4070.58
4536.84
4635.37
4541.03
4662.74
4085.11
4623.41
4592.64
4458.24
4317.17
4417.78
4507.1
4649.49
4659.67
4432.81
4638.46
4643.18
4640.3
4442.62
4631.82
4431.18
4645.03
4642.88
4664.68
4470.45
4617.34
4646.51
4287.16
4629.56
4677.56
4610.15
4147.31
4516.68
4560.4
4620.86
4460.11
4550.79
4224.97
4459.37
4666.66
4496.93
4386.12
4411.46
4427.89
4550.9
4671.56
4674.22
4646.32
4468.82
4625.69
4627.08
4415.04
4469.86
4541.45
4565.76
4683.63
4437.2
4396.05
4476.2
4664.61
4528.96
4135.11
4515.03
4498.4
4659.87
4265.2
4624.52
4322.73
4545.12
4053.84
4449.37
4252.61
4604.85
4286.61
4674.61
4625.3
4109.38
4376.92
4233.99
4657.92
4520.23
4483.48
4355.84
4651.14
4525.45
4680.86
4043.22
4507.36
4663.56
4594.22
4685.16
4368.88
4536.39
4688.31
4486.28
4638.7
4621.72
4519.23
4658.31
4386.52
4652.04
4357.95
4428.51
4655.45
4574.75
4546.89
4544.21
4667.99
4667.66
4642.18
4498.58
4678.03
4522.95
4426.34
4627.93
4634.52
4666.91
4320.05
4426.32
4549.03
4517.34
4613.53
4615.17
4668.72
4667.42
4704.58
4500.13
4466.78
4649.95
4409.38
4414.63
4224.09
4631.28
4694.29
4664.94
4535.07
4653.22
4565.23
4496.58
4699.05
4685.66
4478.04
4653.04
4603.46
4348.4
4471.74
4291.27
4608.86
4674.23
4608.99
4611.64
4226.81
4583.06
4068.08
4416.18
4253.46
4654.2
4647.61
4103.87
4493.83
4501.49
4673.27
4521.23
4350.47
4408.12
4664.14
4681.51
4159.78
4691.11
4676.05
4666.14
4632.75
4681.34
4068.71
4637.13
4687.5
4658.66
4345.35
4604.85
4655.04
4213.6
4673.29
4654.99
4666.76
4497.02
4638.94
4395.39
4519.55
4652.79
4238.73
4676.83
4651.84
4505.85
4542.19
4668.72
4469.32
4681.82
4188.66
4689.02
4067.77
4676.92
4604.47
4607.71
4607.33
4664.89
4435.96
4095.9
4409.78
4551.78
4608.03
4249.24
4629.79
4684.98
4480.38
4646.6
4664.08
4366.48
4644.43
4398.27
4338.09
4217.27
4491.1
4689.51
4323.72
4561.14
4379.89
4636.78
4575.58
4551.58
4544.45
4061.18
4602.55
4509.87
4280.89
4709.94
4309.98
4642.32
4604.69
4459.62
4645.05
4499.53
4644.43
4525.13
4470.05
4687.06
4323.95
4535.52
4219.18
4632.38
4693.01
4663.55
4538.49
4690.21
4217.54
4585.61
4649.76
4630.36
4678.54
4505.68
4521.69
4679.18
4655.61
4588.17
4664.98
4381.69
4611.58
4677.21
4622.75
4661.7
4664.88
4591.04
4373.31
4679.04
4564.46
4612.18
4518.5
4595.12
4359.06
4056.02
4084.48
4623.69
4298.53
4520.33
4689.73
4549.97
4552.31
4638.53
4353.53
4661.4
4631.71
4610.5
4503.57
4423.55
4553.82
4659.37
4591.23
4680.47
4523.07
4145.68
4581.25
4430.38
4446.65
4654.51
4675.67
4435.5
4579.08
4233.27
4687.37
4384.31
4668.88
4596.86
4501.21
4420.22
4662.43
4617.23
4396.87
4658.69
4504.12
4695.86
4621.61
4643.03
4534.99
4618.29
4704.06
4631.15
4507.46
4465.87
4670.73
4538.95
4657.3
4596.51
4681.34
4487.66
4672.18
4555.44
4680.33
4681.32
4492.26
4528.68
4612.85
4546.7
4452.55
4375.05
4692.64
4499.69
4625.39
4498.12
4221.71
4607.86
4678.39
4648.15
4533.13
4387.21
4438.27
4615.16
4422.79
4166.21
4483.22
4131.25
4514.28
4658.26
4509.61
4649.53
4502.78
4669.4
4066.51
4432.94
4666.2
4424.57
4675.6
4247.75
4672.35
4662.39
4136.99
4612.69
4525
4500.76
4665.64
4052.55
4622.86
4552.68
4669.86
4670.85
4505.53
4477.48
4620.25
4394.89
4679.73
4208.08
4638.25
4427.51
4677.7
4645.14
4645.55
4687.98
4646.29
4627.44
4065.93
4673.28
4251.07
4665.12
4629.69
4597.94
4660.14
4705.45
4673.12
4654.69
4669.06
4602.59
4339.62
4692.81
4663.8
4665.38
4598.06
4678.88
4644.11
4173.91
4471.65
4102.77
4517.48
4677.99
4461.26
4533.65
4517.27
4491.14
4369.07
4573.7
4642.29
4662.13
4563.86
4447.84
4694.02
4320.47
4662.88
4594.21
4282.44
4598.29
4644.62
4526.6
4634.77
4606.46
4540.87
4578.45
4642.33
4522.13
4636.78
4411.95
4470.51
4100.89
4606.99
4674.49
4704.67
4691.84
4519.5
4360.58
4481.96
4617.13
4646.18
4611.5
4462.61
4512.19
4457.72
4408.42
4269.61
4070.13
4504.51
4522.45
4614.6
4602.77
4501.75
4478.32
4607.5
4673.83
4488.69
4624.52
4300.52
4667.98
4665.02
4684.5
4661.09
4685.06
4167.77
4305.42
4457.61
4640.75
4482.9
4657.3
4641.13
4595.98
4687.64
4377.86
4646.53
4658.4
4388.62
4401.94
4324.87
4666.93
4160.88
4264.76
4677.97
4632.74
4602.1
4284.97
4638.43
4610.77
4619.85
4570.2
4206.48
4545.82
4650.52
4651.81
4659.97
4336.61
4654.78
4062.06
4682.04
4686.66
4401.05
4224.11
4650.64
4235.79
4531.5
4434.14
4305.79
4502.05
4515.92
4405.36
4381.37
4438.68
4576.97
4250.6
4154.58
4636.75
4671.28
4237.65
4064.1
4682.61
4361.6
4611.64
4063.86
4673.68
4471.03
4666.13
4681.72
4663.73
4615.99
4721.5
4540.75
4428.29
4065.76
4283.82
4300.84
4482.9
4601.81
4121.99
4587.95
4447.87
4186.33
4465.07
4482.91
4443.44
4631.11
4561.87
4427.23
4527.05
4388.77
4628.63
4652.77
4620.35
4392.15
4679.36
4662.14
4655.37
4671.67
4095.96
4566.18
4548.17
4645.23
4605.22
4540.03
4665.46
4670.03
4676.01
4473.29
4689.92
4669.37
4589.96
4656.77
4260.2
4543.63
4541.81
4621.35
4557.73
4582.29
4551.36
4250.04
4616.64
4602.47
4560.1
4444.51
4506.96
4398.78
4215.62
4673.52
4576
4526.86
4649.06
4381.85
4450.68
4377.13
4317.22
4670
4615.92
4076.9
4231.53
4681.71
4406.01
4712.23
4654.71
4669.46
4400.85
4567.81
4653.14
4509.66
4570.14
4671.31
4595.96
4387.23
4674.64
4633.57
4657.81
4701.79
4671.02
4587.53
4065.52
4645.43
4640.42
4244.93
4100.62
4384.67
4572.66
4210.77
4636.74
4666.86
4581.51
4448.84
4691.49
4657.94
4627.97
4640.13
4646.2
4551.62
4453.63
4605.61
4599.76
4495.4
4548.64
4445.77
4639.83
4543.44
4667.04
4610.94
4683.36
4685.83
4685.97
4423.53
4424.79
4165.47
4589.74
4552.47
4688.3
4543.64
4532.48
4398.6
4464.49
4555.88
4666.79
4573.81
4659.44
4657.12
4113.47
4659.76
4566.26
4518.95
4669.83
4622.04
4521.88
4427.07
4617.74
4387.49
4263.71
4663.63
4259.26
4520.27
4671.74
4671
4661.03
4484.54
4706.25
4239.97
4701.1
4682.62
4671.14
4676.45
4373.41
4262.1
4506.2
4096.47
4213.18
4335.88
4106.77
4691.75
4703.08
4422.08
4400.68
4653.82
4695.96
4144.8
4413.95
4214.46
4637.57
4262.05
4400.65
4705.06
4166.4
4567.97
4537.18
4692.78
4058.87
4501.5
4685.49
4063.93
4560.66
4614.21
4703.6
4570.66
4270.56
4465.35
4536.07
4304.79
4702.61
4616.34
4641.46
4438.28
4676.04
4677.48
4592.81
4652.7
4522.24
4292.03
4639.75
4639.49
4468.62
4616.68
4624.67
4570.52
4631.51
4644.36
4676.98
4333.5
4587.86
4063.84
4491.66
4479.32
4120.86
4651.66
4628.52
4594.59
4499.74
4680.87
4610.12
4261.89
4625.04
4664.91
4640.87
4540.67
4429.28
4199.16
4099.17
4670.45
4674.35
4064.2
4658.18
4672.49
4058.76
4660.21
4519.27
4671.85
4657.72
4554.24
4446.48
4457.91
4659.31
4642.13
4524.47
4544.95
4334.98
4369.18
4568.16
4319.01
4607.15
4063.38
4616.4
4307
4643.23
4517.91
4654.85
4664.19
4628.3
4471.95
4605.21
4258.46
4382.52
4707.75
4233.47
4530.63
4573.34
4627.12
4637.37
4638.5
4672.98
4585.53
4436.92
4681.82
4606.99
4404.4
4579.75
4628.69
4597.8
4658.43
4360.5
4634.67
4675.28
4534.08
4453.53
4450.1
4087.15
4674.81
4594.44
4485.14
4674.88
4530.5
4667.91
4661.62
4622.55
4071.11
4670.4
4661.5
4613.68
4594.39
4706.64
4637.48
4380.2
4382.96
4669.92
4481.85
4577.34
4234.78
4254.04
4430.01
4655.27
4380.39
4527.6
4688.96
4248.75
4465.59
4686.37
4470.97
4623.3
4537.02
4648.35
4074.52
4523.4
4428.02
4507.32
4567.19
4709.74
4670.24
4516.25
4662.57
4306.91
4069.97
4377.93
4491.06
4574.26
4288.66
4682.11
4068.57
4268.83
4617.08
4523.22
4494
4361.52
4656.01
4708.74
4289.16
4536.64
4622.78
4658.8
4573.53
4664.26
4593.52
4636.24
4059.95
4638.26
4201.37
4504.04
4240.91
4411.99
4681.17
4291.88
4655.22
4558.49
4664.14
4567.88
4689.83
4555.45
4647.67
4603.77
4638.59
4496.28
4543.84
4340.94
4684.86
4674.4
4667.25
4652.18
4290.89
4659.54
4391.25
4568.51
4676.21
4650.14
4571.35
4067.79
4471.72
4659.15
4621.37
4630.27
4414.01
4389.93
4396.48
4339.11
4402.62
4674.87
4637.25
4550.52
4320.3
4678.31
4059.75
4519.85
4306.48
4427.85
4661.92
4459.71
4165.73
4395.09
4454.85
4225.51
4523.37
4531.67
4072.89
4088.21
4662.83
4689.06
4400.51
4662.93
4657.64
4402.78
4671.89
4619.06
4599.16
4427.36
4569.35
4687.1
4616.58
4428.49
4542.33
4645.65
4622.91
4668.37
4233.79
4305.25
4668.34
4650.27
4714.74
4572.38
4532.61
4645.72
4610.96
4522.93
4675.81
4659.95
4269.81
4654.16
4397.75
4612.43
4615.51
4646.94
4421.85
4533.15
4474.45
4672.31
4460.12
