0
0.0625
0.0625
0.0625
0.0703125
0.0703125
0.078125
0.0791015625
0.078125
0.078125
0.078125
0.0791015625
0.078125
1.0009765625
1.0009765625
0.2099609375
0.2099609375
0.2099609375
0.2099609375
0.2099609375
0.208984375
0.2060546875
0.2060546875
0.2021484375
0.2021484375
0.2021484375
0.2001953125
0.185546875
0.1845703125
0.177734375
0.0498046875
0.0458984375
0.0380859375
0.03515625
0.0185546875
0
0.0625
0.0625
0.0625
0.0703125
0.0703125
0.078125
0.078125
0.078125
0.078125
0.078125
0.078125
0.078125
1.0009765625
1.0009765625
1.0009765625
1.0009765625
1.0009765625
1.0009765625
1.0009765625
1.0009765625
1.0009765625
1.0009765625
1.0009765625
1.0009765625
1.0009765625
1.0009765625
1.0009765625
1.0009765625
1.0009765625
1.0009765625
1.0009765625
1.0009765625
1.0009765625
1.0009765625
1.0009765625
1.0009765625
1.0009765625
1.0009765625
1.0009765625
1.0009765625
1.0009765625
1.0009765625
1.0009765625
1.0009765625
1.0009765625
1.0009765625
1.0009765625
1.0009765625
1.0009765625
1.0009765625
1.0009765625
1.0009765625
1.0009765625
1.0009765625
1.0009765625
1.0009765625
1.0009765625
1.0009765625
1.0009765625
1.0009765625
1.0009765625
1.0009765625
1.0009765625
1.0009765625
1.0009765625
1.0009765625
1.0009765625
1.0009765625
1.0009765625
0
0.0625
0.0625
0.0625
0.0703125
0.0703125
0.078125
0.078125
0.078125
0.078125
0.078125
0.078125
0.078125
1.0009765625
1.0009765625
1.0009765625
1.0009765625
1.0009765625
1.0009765625
1.0009765625
1.0009765625
1.0009765625
1.0009765625
1.0009765625
1.0009765625
1.0009765625
1.0009765625
1.0009765625
1.0009765625
1.0009765625
1.0009765625
1.0009765625
1.0009765625
1.0009765625
1.0009765625
0
0.4619140625
0.462890625
0.462890625
0.470703125
0.470703125
0.490234375
0.490234375
0.490234375
0.490234375
0.49609375
0.49609375
0.49609375
0.5068359375
0.5068359375
0.5068359375
0.5068359375
0.5068359375
0.5068359375
0.5068359375
0.5068359375
0.5068359375
0.5068359375
0.5068359375
0.5048828125
0.5048828125
0.5029296875
0.888671875
0.88671875
0.88671875
0.88671875
0.88671875
0.8857421875
0.88671875
0.88671875
0.8857421875
0.88671875
0.88671875
0.8857421875
0.88671875
0.8857421875
0.8857421875
0.8857421875
0.8857421875
0.8857421875
0.8857421875
0.88671875
0.88671875
0.88671875
0.88671875
0.88671875
0.88671875
0.88671875
0.88671875
0.87890625
0
0.0625
0.0625
0.0625
0.0703125
0.0703125
0.078125
0.078125
0.078125
0.078125
0.078125
0.078125
0.078125
1.0009765625
1.0009765625
1
1
1.0009765625
1.0009765625
1.0009765625
1
0.2353515625
0.2353515625
0.2333984375
0.2314453125
0.2314453125
0.228515625
0.224609375
0.22265625
0.21484375
0.2138671875
0.212890625
0.20703125
0.197265625
0.1943359375
0.1884765625
0.0458984375
0.0400390625
0.015625
0
0.0625
0.0625
0.0625
0.0703125
0.0703125
0.078125
0.078125
0.078125
0.078125
0.078125
0.078125
0.078125
1.0009765625
1.0009765625
1.0009765625
1.0009765625
1.0009765625
1.0009765625
1.0009765625
1.0009765625
1.0009765625
1.0009765625
1.0009765625
1.0009765625
1.0009765625
0
0.0625
0.0625
0.0625
0.0703125
0.0703125
0.078125
0.078125
0.078125
0.078125
0.078125
0.078125
0.078125
1.0009765625
1.0009765625
1.0009765625
1.0009765625
1.0009765625
1.0009765625
1.0009765625
1.0009765625
1.0009765625
1.0009765625
1.0009765625
1.0009765625
1.0009765625
1.0009765625
1.0009765625
1.0009765625
0.9951171875
0.9921875
0.9951171875
0.998046875
0.994140625
0.9921875
0.9951171875
0.9970703125
0.9951171875
0.9951171875
0.994140625
0.990234375
0.99609375
0.99609375
0.9912109375
0.994140625
0.9951171875
0.9970703125
0.9921875
0.9931640625
0.99609375
0.994140625
0.9921875
0.9931640625
0.99609375
0.9931640625
0.9921875
0.9921875
0.9951171875
0.998046875
0.9931640625
0.990234375
0.994140625
0.9970703125
0.9892578125
0.9912109375
0.9951171875
0.9951171875
0.9951171875
0.9912109375
0.9931640625
0.9921875
0.9951171875
0.994140625
0.9951171875
0.9931640625
0.9912109375
0.9912109375
0.9931640625
0.9912109375
0.994140625
0.9921875
0.9951171875
0.9951171875
0.990234375
0.9931640625
0.998046875
0.9931640625
0.994140625
0.9931640625
0.998046875
0.994140625
0.9921875
0.9921875
0.99609375
0.9931640625
0.9931640625
0.9912109375
0.9970703125
0.994140625
0.9912109375
0
0.0625
0.0625
0.0625
0.0703125
0.0703125
0.078125
0.078125
0.078125
0.078125
0.078125
0.078125
0.078125
1.0009765625
1.0009765625
1.0009765625
1.0009765625
1.0009765625
1.0009765625
1.0009765625
1.0009765625
1.0009765625
1.0009765625
1.0009765625
1.0009765625
1.0009765625
1.0009765625
1.0009765625
1.0009765625
1.0009765625
1.0009765625
1.0009765625
1.0009765625
1.0009765625
1.0009765625
1.0009765625
1.0009765625
1.0009765625
1.0009765625
1.0009765625
1.0009765625
1.0009765625
1
1.0009765625
1.0009765625
1.0009765625
1.0009765625
1.0009765625
1.0009765625
1.0009765625
1.0009765625
1.0009765625
1.0009765625
1.0009765625
1.0009765625
1.0009765625
1.0009765625
1.0009765625
1.0009765625
1.0009765625
1.0009765625
1.0009765625
1.0009765625
1
1.0009765625
1.0009765625
1.0009765625
1.0009765625
1.0009765625
1
1.0009765625
1.0009765625
1.0009765625
1.0009765625
1.0009765625
1.0009765625
1.0009765625
1.0009765625
1.0009765625
1.0009765625
1.0009765625
1.0009765625
1.0009765625
1.0009765625
1.0009765625
1
1.0009765625
1.0009765625
1.0009765625
1.0009765625
1.0009765625
1.0009765625
1.0009765625
1.0009765625
1.0009765625
1.0009765625
1.0009765625
1.0009765625
1.0009765625
1.0009765625
1.0009765625
1.0009765625
1.0009765625
1.0009765625
1.0009765625
1.0009765625
1.0009765625
1.0009765625
1.0009765625
1.0009765625
1.0009765625
1.0009765625
1
1.0009765625
1.0009765625
1.0009765625
1.0009765625
1
1
1.0009765625
1.0009765625
1.0009765625
1
1
1.0009765625
1.0009765625
1.0009765625
1.0009765625
1.0009765625
1.0009765625
1.0009765625
1.0009765625
1.0009765625
1.0009765625
1.0009765625
1.0009765625
1.0009765625
1.0009765625
1.0009765625
1.0009765625
1.0009765625
1.0009765625
1.0009765625
1.0009765625
1
1.0009765625
1.0009765625
1.0009765625
1.0009765625
1.0009765625
1.0009765625
1.0009765625
1.0009765625
1.0009765625
1.0009765625
1.0009765625
1.0009765625
1
1
1.0009765625
1.0009765625
1
1.0009765625
1.0009765625
1.0009765625
1.0009765625
1.0009765625
1.0009765625
1.0009765625
1.0009765625
1.0009765625
1.0009765625
1.0009765625
1
1.0009765625
1.0009765625
1.0009765625
1.0009765625
1.0009765625
1.0009765625
1.0009765625
1.0009765625
1.0009765625
1.0009765625
1
1.0009765625
1.0009765625
1.0009765625
1
1.0009765625
1.0009765625
1.0009765625
1.0009765625
1.0009765625
1.0009765625
1.0009765625
1.0009765625
1.0009765625
1.0009765625
1.0009765625
1.0009765625
1
1.0009765625
1.0009765625
1.0009765625
1.0009765625
1.0009765625
1.0009765625
1.0009765625
1.0009765625
1.0009765625
1.0009765625
1.0009765625
1.0009765625
1.0009765625
1.0009765625
1.0009765625
1.0009765625
1.0009765625
