0.895	0.112	0	0	0	0	0	0	0	0	0	0	0	0.734	0.732	0.734	0.357	0.361	0.357	0.363	0.357	0.363	0.364	0.361	0.642	0.081	0.059	0.059	0.078	0.857	0	0	0	0	0	0	0	0	0.078	0.031	0	0.936	0.934	0.92	0.919	0.919	0.918	0.919	0.918	0.915	0.912	0.911	0.909	0.904	0.902	0.894	0.893	0.894	0.892	0.844	0.001	0	0	0	0.001	0.001	0	0.001	0.002	
1	0	0	0	0	0	0	0	0	0	0	0	0	0.779	0.779	0.779	0.332	0.331	0.332	0.332	0.331	0.332	0.331	0.331	0.669	0	0	0	0	1	0	0	0	0	0	0	0	0	0	0	0	1	1	1	1	1	1	1	1	1	1	1	1	1	1	1	1	1	1	0.889	0	0	0	0	0	0	0	0	0	
1	0	0	0	0	0	0	0	0	0	0	0	0	0.777	0.777	0.777	0.335	0.334	0.335	0.335	0.334	0.335	0.334	0.334	0.666	0	0	0	0	1	0	0	0	0	0	0	0	0	0	0	0	1	1	1	1	1	1	1	1	1	1	1	1	1	1	1	1	1	1	0.888	0	0	0	0	0	0	0	0	0	
1	0	0	0	0	0	0	0	0	0	0	0	0	0.777	0.777	0.777	0.334	0.335	0.334	0.334	0.335	0.334	0.335	0.335	0.664	0	0	0	0	1	0	0	0	0	0	0	0	0	0	0	0	1	1	1	1	1	1	1	1	1	1	1	1	1	1	1	1	1	1	0.889	0	0	0	0	0	0	0	0	0	
1	0	0	0	0	0	0	0	0	0	0	0	0	0.778	0.778	0.778	0.332	0.332	0.332	0.332	0.332	0.332	0.332	0.332	0.668	0	0	0	0	1	0	0	0	0	0	0	0	0	0	0	0	1	1	1	1	1	1	1	1	1	1	1	1	1	1	1	1	1	1	0.89	0	0	0	0	0	0	0	0	0	
0.999	0.001	0	0	0	0	0	0	0	0	0	0	0	0.775	0.778	0.775	0.335	0.333	0.335	0.334	0.335	0.334	0.335	0.336	0.666	0	0	0	0	1	0	0	0	0	0	0	0	0	0.001	0	0	0.999	0.999	0.998	0.998	0.998	0.998	0.999	0.999	0.999	0.999	0.999	0.999	0.999	0.999	0.999	0.999	0.999	0.999	0.889	0	0	0	0	0	0	0	0	0	
1	0	0	0	0	0	0	0	0	0	0	0	0	0.779	0.777	0.779	0.333	0.332	0.333	0.333	0.331	0.333	0.331	0.331	0.669	0	0	0	0	1	0	0	0	0	0	0	0	0	0	0	0	1	1	1	1	1	1	1	1	1	1	1	1	1	1	1	1	1	1	0.89	0	0	0	0	0	0	0	0	0	
1	0	0	0	0	0	0	0	0	0	0	0	0	0.777	0.779	0.777	0.332	0.333	0.332	0.332	0.333	0.332	0.333	0.333	0.667	0	0	0	0	1	0	0	0	0	0	0	0	0	0	0	0	1	1	1	1	1	1	1	1	1	1	1	1	1	1	1	1	1	1	0.889	0	0	0	0	0	0	0	0	0	
1	0	0	0	0	0	0	0	0	0	0	0	0	0.778	0.777	0.778	0.334	0.334	0.334	0.334	0.334	0.334	0.334	0.334	0.666	0	0	0	0	1	0	0	0	0	0	0	0	0	0	0	0	1	1	1	1	1	1	1	1	1	1	1	1	1	1	1	1	1	1	0.889	0	0	0	0	0	0	0	0	0	
0.999	0.001	0	0	0	0	0	0	0	0	0	0	0	0.779	0.778	0.779	0.334	0.334	0.334	0.332	0.333	0.332	0.334	0.335	0.667	0.001	0	0	0	1	0	0	0	0	0	0	0	0	0	0.001	0	1	1	1	1	0.999	0.999	0.999	0.999	0.999	0.999	0.999	0.999	0.999	0.999	1	1	1	1	0.889	0	0	0	0	0	0	0	0	0	
1	0	0	0	0	0	0	0	0	0	0	0	0	0.778	0.777	0.778	0.333	0.333	0.333	0.333	0.333	0.333	0.333	0.333	0.667	0	0	0	0	1	0	0	0	0	0	0	0	0	0	0	0	1	1	1	1	1	1	1	1	1	1	1	1	1	1	1	1	1	1	0.89	0	0	0	0	0	0	0	0	0	
1	0	0	0	0	0	0	0	0	0	0	0	0	0.778	0.778	0.778	0.332	0.334	0.332	0.331	0.333	0.331	0.333	0.333	0.666	0.001	0	0	0	1	0	0	0	0	0	0	0	0	0	0	0	1	1	1	1	1	1	1	1	1	1	1	1	1	1	1	1	1	1	0.889	0	0	0	0	0	0	0	0	0	
0.999	0.001	0	0	0	0	0	0	0	0	0	0	0	0.531	0.481	0.531	0.572	0.572	0.572	0.312	0.262	0.312	0.573	0.67	0.835	0.505	0.505	0.505	0.505	0.495	0	0	0	0	0	0	0	0	0	0.001	0	1	1	0.64	0.641	0.64	0.641	1	1	1	1	1	1	1	1	0.999	0.999	0.999	0.999	0.897	0	0	0	0	0	0	0	0	0	
1	0	0	0	0	0	0	0	0	0	0	0	0	0.288	0.193	0.288	0.807	0.808	0.807	0.289	0.193	0.289	0.807	1	1	1	1	1	1	0	0	0	0	0	0	0	0	0	0	0	0	1	1	0.289	0.288	0.289	0.288	1	1	1	1	1	1	1	1	1	1	1	1	0.903	0	0	0	0	0	0	0	0	0	
1	0	0	0	0	0	0	0	0	0	0	0	0	0.34	0.262	0.34	0.755	0.752	0.755	0.295	0.211	0.295	0.752	0.925	0.961	0.887	0.886	0.886	0.886	0.114	0	0	0	0	0	0	0	0	0	0	0	1	1	0.371	0.37	0.371	0.37	1	1	1	1	1	1	1	1	1	1	1	1	0.902	0	0	0	0	0	0	0	0	0	
1	0	0	0	0	0	0	0	0	0	0	0	0	0.779	0.777	0.779	0.333	0.334	0.333	0.333	0.334	0.333	0.334	0.334	0.666	0	0	0	0	1	0	0	0	0	0	0	0	0	0	0	0	1	1	1	1	1	1	1	1	1	1	1	1	1	1	1	1	1	1	0.889	0	0	0	0	0	0	0	0	0	
1	0	0	0	0	0	0	0	0	0	0	0	0	0.777	0.779	0.777	0.333	0.332	0.333	0.333	0.332	0.333	0.332	0.332	0.668	0	0	0	0	1	0	0	0	0	0	0	0	0	0	0	0	1	1	1	1	1	1	1	1	1	1	1	1	1	1	1	1	1	1	0.889	0	0	0	0	0	0	0	0	0	
1	0	0	0	0	0	0	0	0	0	0	0	0	0.778	0.778	0.778	0.333	0.334	0.333	0.333	0.334	0.333	0.333	0.333	0.667	0	0	0	0	1	0	0	0	0	0	0	0	0	0	0	0	1	1	1	1	1	1	1	1	1	1	1	1	1	1	1	1	1	1	0.888	0	0	0	0	0	0	0	0	0	
1	0	0	0	0	0	0	0	0	0	0	0	0	0.778	0.778	0.778	0.334	0.334	0.334	0.334	0.334	0.334	0.335	0.335	0.665	0	0	0	0	1	0	0	0	0	0	0	0	0	0	0	0	1	1	1	1	1	1	1	1	1	1	1	1	1	1	1	1	1	1	0.888	0	0	0	0	0	0	0	0	0	
1	0	0	0	0	0	0	0	0	0	0	0	0	0.777	0.779	0.777	0.333	0.332	0.333	0.333	0.332	0.333	0.332	0.332	0.668	0	0	0	0	1	0	0	0	0	0	0	0	0	0	0	0	1	1	1	1	1	1	1	1	1	1	1	1	1	1	1	1	1	1	0.889	0	0	0	0	0	0	0	0	0	
1	0	0	0	0	0	0	0	0	0	0	0	0	0.777	0.775	0.777	0.336	0.336	0.336	0.335	0.336	0.335	0.336	0.337	0.665	0	0	0	0	1	0	0	0	0	0	0	0	0	0	0	0	1	1	1	1	1	1	1	1	1	1	1	1	1	1	1	1	1	1	0.888	0	0	0	0	0	0	0	0	0	
1	0	0	0	0	0	0	0	0	0	0	0	0	0.778	0.778	0.778	0.334	0.332	0.334	0.334	0.332	0.334	0.332	0.332	0.668	0	0	0	0	1	0	0	0	0	0	0	0	0	0	0	0	1	1	1	1	1	1	1	1	1	1	1	1	1	1	1	1	1	1	0.889	0	0	0	0	0	0	0	0	0	
1	0	0	0	0	0	0	0	0	0	0	0	0	0.779	0.778	0.779	0.333	0.334	0.333	0.332	0.333	0.332	0.333	0.334	0.666	0.001	0.001	0	0	0.999	0	0	0	0	0	0	0	0	0	0	0	1	1	0.999	0.999	0.999	0.999	1	1	1	1	1	1	1	1	1	1	1	1	0.888	0	0	0	0	0	0	0	0	0	
1	0	0	0	0	0	0	0	0	0	0	0	0	0.777	0.777	0.777	0.334	0.335	0.334	0.334	0.335	0.334	0.335	0.335	0.665	0	0	0	0	1	0	0	0	0	0	0	0	0	0	0	0	1	1	1	1	1	1	1	1	1	1	1	1	1	1	1	1	1	1	0.889	0	0	0	0	0	0	0	0	0	
1	0	0	0	0	0	0	0	0	0	0	0	0	0.779	0.775	0.779	0.332	0.333	0.332	0.333	0.334	0.333	0.334	0.334	0.667	0	0	0	0	1	0	0	0	0	0	0	0	0	0	0	0	1	1	1	1	1	1	1	1	1	1	1	1	1	1	1	1	1	1	0.889	0	0	0	0	0	0	0	0	0	
1	0	0	0	0	0	0	0	0	0	0	0	0	0.777	0.779	0.777	0.335	0.334	0.335	0.335	0.334	0.335	0.334	0.334	0.666	0	0	0	0	1	0	0	0	0	0	0	0	0	0	0	0	1	1	1	1	1	1	1	1	1	1	1	1	1	1	1	1	1	1	0.888	0	0	0	0	0	0	0	0	0	
1	0	0	0	0	0	0	0	0	0	0	0	0	0.778	0.778	0.778	0.332	0.332	0.332	0.332	0.332	0.332	0.332	0.332	0.668	0	0	0	0	1	0	0	0	0	0	0	0	0	0	0	0	1	1	1	1	1	1	1	1	1	1	1	1	1	1	1	1	1	1	0.89	0	0	0	0	0	0	0	0	0	
0.983	0.026	0	0	0	0	0	0	0	0	0	0.696	0	0.638	0.506	0.638	0.55	0.548	0.55	0.462	0.417	0.462	0.428	0.353	0.731	0.114	0.579	0.724	0.555	0.924	0.005	0.002	0.005	0	0	0	0	0	0.009	0.007	0	0.995	0.994	0.87	0.87	0.872	0.869	0.922	0.918	0.922	0.921	0.921	0.92	0.92	0.918	0.987	0.986	0.985	0.984	0.863	0	0	0	0	0	0	0	0	0.001	
0.994	0.007	0	0	0	0	0	0	0	0	0	1	0	0.58	0.42	0.58	0.59	0.589	0.59	0.528	0.452	0.528	0.383	0.243	0.805	0.168	0.973	0.675	1	1	0	0	0	0	0	0	0	0	0.003	0.003	0	0.999	0.997	0.896	0.897	0.902	0.905	0.901	0.903	0.9	0.903	0.9	0.903	0.9	0.903	0.996	0.997	0.994	0.996	0.871	0	0	0	0	0	0	0	0.001	0	
1	0	0	0	0	0	0	0	0	0	0	1	0	0.543	0.528	0.543	0.548	0.523	0.548	0.496	0.466	0.496	0.478	0.404	0.462	0.468	0.924	0.084	1	1	0	0	0	0	0	0	0	0	0	0	0	1	1	0.991	0.99	1	1	1	1	1	1	1	1	1	1	1	1	1	1	0.887	0	0	0	0	0	0	0	0	0	
1	0	0	0	0	0	0	0	0	0	0	1	0	0.554	0.517	0.554	0.559	0.527	0.559	0.541	0.514	0.541	0.479	0.41	0.453	0.469	0.926	0.084	1	1	0	0	0	0	0	0	0	0	0	0	0	0.999	0.999	0.991	0.992	0.999	0.999	0.999	0.999	0.999	0.999	0.999	0.999	0.999	0.999	0.999	0.999	0.999	0.999	0.89	0	0	0	0	0	0	0	0	0	
1	0	0	0	0	0	0	0	0	0	0	1	0	0.563	0.514	0.563	0.534	0.542	0.534	0.506	0.47	0.506	0.489	0.402	0.462	0.463	0.924	0.084	1	1	0	0	0	0	0	0	0	0	0	0	0	0.998	0.998	0.988	0.989	0.998	0.998	0.998	0.998	0.998	0.998	0.998	0.998	0.998	0.998	0.998	0.998	0.998	0.998	0.887	0	0	0	0	0	0	0	0	0	
1	0	0	0	0	0	0	0	0	0	0	1	0	0.552	0.449	0.552	0.609	0.582	0.609	0.533	0.465	0.533	0.386	0.255	0.787	0.191	0.969	0.639	1	1	0	0	0	0	0	0	0	0	0	0	0	1	1	0.907	0.909	0.911	0.911	0.911	0.911	0.911	0.911	0.911	0.911	0.911	0.911	1	1	1	1	0.859	0	0	0	0	0	0	0	0	0	
1	0	0	0	0	0	0	0	0	0	0	1	0	0.574	0.441	0.574	0.593	0.591	0.593	0.501	0.452	0.501	0.408	0.27	0.732	0.224	0.958	0.549	1	1	0	0	0	0	0	0	0	0	0	0	0	1	1	0.923	0.922	0.926	0.925	0.926	0.925	0.926	0.925	0.926	0.925	0.926	0.925	1	1	1	1	0.863	0	0	0	0	0	0	0	0	0	
1	0	0	0	0	0	0	0	0	0	0	1	0	0.541	0.53	0.541	0.541	0.513	0.541	0.52	0.491	0.52	0.478	0.409	0.466	0.473	0.925	0.084	1	1	0	0	0	0	0	0	0	0	0	0	0	1	1	0.99	0.99	1	1	1	1	1	1	1	1	1	1	1	1	1	1	0.886	0	0	0	0	0	0	0	0	0	
1	0	0	0	0	0	0	0	0	0	0	1	0	0.576	0.519	0.576	0.525	0.54	0.525	0.482	0.463	0.482	0.48	0.401	0.463	0.462	0.923	0.087	1	1	0	0	0	0	0	0	0	0	0	0	0	1	1	0.99	0.99	1	1	1	1	1	1	1	1	1	1	1	1	1	1	0.885	0	0	0	0	0	0	0	0	0	
1	0	0	0	0	0	0	0	0	0	0	1	0	0.554	0.518	0.554	0.549	0.532	0.549	0.531	0.496	0.531	0.487	0.401	0.458	0.464	0.927	0.083	1	1	0	0	0	0	0	0	0	0	0	0	0	0.998	0.998	0.989	0.989	0.998	0.998	0.998	0.998	0.998	0.998	0.998	0.998	0.998	0.998	0.998	0.998	0.998	0.998	0.882	0	0	0	0	0	0	0	0	0	
1	0	0	0	0	0	0	0	0	0	0	1	0	0.585	0.403	0.585	0.601	0.615	0.601	0.514	0.453	0.514	0.372	0.21	0.865	0.119	0.98	0.77	1	1	0	0	0	0	0	0	0	0	0	0	0	1	1	0.886	0.886	0.889	0.889	0.889	0.889	0.889	0.889	0.889	0.889	0.889	0.889	1	1	1	1	0.856	0	0	0	0	0	0	0	0	0	
1	0	0	0	0	0	0	0	0	0	0	1	0	0.569	0.469	0.569	0.558	0.574	0.558	0.513	0.466	0.513	0.438	0.302	0.659	0.293	0.951	0.418	1	1	0	0	0	0	0	0	0	0	0	0	0	0.999	0.998	0.938	0.938	0.946	0.945	0.946	0.945	0.946	0.945	0.946	0.945	0.946	0.945	0.999	0.998	0.999	0.998	0.871	0	0	0	0	0	0	0	0.001	0	
1	0	0	0	0	0	0	0	0	0	0	1	0	0.554	0.525	0.554	0.534	0.517	0.534	0.486	0.486	0.486	0.484	0.4	0.469	0.471	0.925	0.084	1	1	0	0	0	0	0	0	0	0	0	0	0	1	0.999	0.99	0.99	1	0.999	1	0.999	1	0.999	1	0.999	1	0.999	1	0.999	1	0.999	0.875	0	0	0	0	0	0	0	0.002	0	
1	0	0	0	0	0	0	0	0	0	0	1	0	0.549	0.54	0.549	0.528	0.541	0.528	0.506	0.488	0.506	0.475	0.4	0.46	0.466	0.92	0.089	1	1	0	0	0	0	0	0	0	0	0	0	0	0.999	0.999	0.989	0.989	0.999	0.999	0.999	0.999	0.999	0.999	0.999	0.999	0.999	0.999	0.999	0.999	0.999	0.999	0.879	0	0	0	0	0	0	0	0	0	
1	0	0	0	0	0	0	0	0	0	0	1	0	0.542	0.534	0.542	0.548	0.538	0.548	0.491	0.487	0.491	0.477	0.405	0.461	0.468	0.93	0.081	1	1	0	0	0	0	0	0	0	0	0	0	0	0.999	0.999	0.989	0.988	0.999	0.999	0.999	0.999	0.999	0.999	0.999	0.999	0.999	0.999	0.999	0.999	0.999	0.999	0.871	0	0	0	0	0	0	0	0	0	
1	0	0	0	0	0	0	0	0	0	0	1	0	0.583	0.391	0.583	0.612	0.625	0.612	0.502	0.444	0.502	0.353	0.175	0.948	0.053	0.994	0.898	1	1	0	0	0	0	0	0	0	0	0	0	0	1	1	0.869	0.869	0.869	0.869	0.869	0.869	0.869	0.869	0.869	0.869	0.869	0.869	1	1	1	1	0.845	0	0	0	0	0	0	0	0	0	
1	0	0	0	0	0	0	0	0	0	0	1	0	0.564	0.487	0.564	0.554	0.57	0.554	0.521	0.483	0.521	0.457	0.342	0.58	0.362	0.939	0.285	1	1	0	0	0	0	0	0	0	0	0	0	0	0.999	0.999	0.957	0.959	0.967	0.967	0.967	0.967	0.967	0.967	0.967	0.967	0.967	0.967	0.999	0.999	0.999	0.999	0.866	0	0	0	0	0	0	0	0	0	
1	0	0	0	0	0	0	0	0	0	0	1	0	0.556	0.519	0.556	0.544	0.527	0.544	0.502	0.465	0.502	0.484	0.406	0.458	0.467	0.925	0.083	1	1	0	0	0	0	0	0	0	0	0	0	0	0.999	0.998	0.988	0.988	0.999	0.998	0.999	0.998	0.999	0.998	0.999	0.998	0.999	0.998	0.999	0.998	0.999	0.998	0.894	0	0	0	0	0	0	0	0	0	
1	0	0	0	0	0	0	0	0	0	0	1	0	0.562	0.518	0.562	0.541	0.538	0.541	0.49	0.483	0.49	0.482	0.407	0.466	0.47	0.921	0.084	1	1	0	0	0	0	0	0	0	0	0	0	0	0.999	1	0.989	0.992	0.999	1	0.999	1	0.999	1	0.999	1	0.999	1	0.999	1	0.999	1	0.88	0	0	0	0	0	0	0	0.002	0	
1	0	0	0	0	0	0	0	0	0	0	1	0	0.543	0.53	0.543	0.556	0.523	0.556	0.488	0.462	0.488	0.481	0.4	0.48	0.45	0.93	0.115	1	1	0	0	0	0	0	0	0	0	0	0	0	0.997	1	0.983	0.985	0.992	0.994	0.992	0.994	0.992	0.994	0.992	0.994	0.992	0.994	0.997	1	0.997	1	0.881	0	0	0	0	0	0	0	0.001	0	
1	0	0	0	0	0	0	0	0	0	0	1	0	0.574	0.407	0.574	0.616	0.632	0.616	0.519	0.457	0.519	0.358	0.193	0.894	0.087	0.98	0.826	1	1	0	0	0	0	0	0	0	0	0	0	0	1	1	0.878	0.878	0.88	0.881	0.88	0.881	0.88	0.881	0.88	0.881	0.88	0.881	1	1	1	1	0.852	0	0	0	0	0	0	0	0	0	
1	0	0	0	0	0	0	0	0	0	0	1	0	0.544	0.525	0.544	0.544	0.505	0.544	0.5	0.461	0.5	0.478	0.408	0.463	0.465	0.927	0.083	1	1	0	0	0	0	0	0	0	0	0	0	0	1	1	0.989	0.989	1	1	1	1	1	1	1	1	1	1	1	1	1	1	0.896	0	0	0	0	0	0	0	0	0	
1	0	0	0	0	0	0	0	0	0	0	1	0	0.544	0.535	0.544	0.548	0.537	0.548	0.501	0.492	0.501	0.476	0.404	0.468	0.469	0.929	0.08	1	1	0	0	0	0	0	0	0	0	0	0	0	0.999	0.999	0.989	0.989	0.999	0.999	0.999	0.999	0.999	0.999	0.999	0.999	0.999	0.999	0.999	0.999	0.999	0.999	0.86	0	0	0	0	0	0	0	0	0	
1	0	0	0	0	0	0	0	0	0	0	1	0	0.575	0.461	0.575	0.581	0.576	0.581	0.509	0.459	0.509	0.431	0.318	0.654	0.305	0.951	0.408	1	1	0	0	0	0	0	0	0	0	0	0	0	0.999	0.999	0.992	0.992	0.999	0.999	0.999	0.999	0.999	0.999	0.999	0.999	0.999	0.999	0.999	0.999	0.999	0.999	0.873	0	0	0	0	0	0	0	0	0	
1	0	0	0	0	0	0	0	0	0	0	1	0	0.584	0.41	0.584	0.609	0.605	0.609	0.508	0.441	0.508	0.373	0.209	0.873	0.114	0.977	0.781	1	1	0	0	0	0	0	0	0	0	0	0	0	1	1	0.998	0.998	1	1	1	1	1	1	1	1	1	1	1	1	1	1	0.865	0	0	0	0	0	0	0	0	0	
1	0	0	0	0	0	0	0	0	0	0	1	0	0.557	0.518	0.557	0.548	0.536	0.548	0.53	0.493	0.53	0.486	0.399	0.456	0.464	0.927	0.083	1	1	0	0	0	0	0	0	0	0	0	0	0	0.998	0.998	0.989	0.989	0.998	0.998	0.998	0.998	0.998	0.998	0.998	0.998	0.998	0.998	0.998	0.998	0.998	0.998	0.881	0	0	0	0	0	0	0	0	0	
1	0	0	0	0	0	0	0	0	0	0	1	0	0.532	0.538	0.532	0.554	0.523	0.554	0.51	0.461	0.51	0.474	0.405	0.455	0.464	0.921	0.087	1	1	0	0	0	0	0	0	0	0	0	0	0	0.998	0.999	0.992	0.991	0.998	0.999	0.998	0.999	0.998	0.999	0.998	0.999	0.998	0.999	0.998	0.999	0.998	0.999	0.902	0	0	0	0	0	0	0	0	0	
1	0	0	0	0	0	0	0	0	0	0	1	0	0.566	0.51	0.566	0.546	0.531	0.546	0.51	0.491	0.51	0.483	0.411	0.461	0.471	0.927	0.081	1	1	0	0	0	0	0	0	0	0	0	0	0	0.999	1	0.989	0.991	0.999	1	0.999	1	0.999	1	0.999	1	0.999	1	0.999	1	0.999	1	0.88	0	0	0	0	0	0	0	0.002	0	
1	0	0	0	0	0	0	0	0	0	0	1	0	0.56	0.448	0.56	0.594	0.56	0.594	0.516	0.454	0.516	0.41	0.273	0.732	0.239	0.962	0.538	1	1	0	0	0	0	0	0	0	0	0	0	0	0.999	1	0.994	0.993	0.999	1	0.999	1	0.999	1	0.999	1	0.999	1	0.999	1	0.999	1	0.878	0	0	0	0	0	0	0	0	0	
1	0	0	0	0	0	0	0	0	0	0	1	0	0.571	0.441	0.571	0.596	0.584	0.596	0.528	0.459	0.528	0.397	0.247	0.794	0.182	0.976	0.647	1	1	0	0	0	0	0	0	0	0	0	0	0	0.999	0.999	0.998	0.997	0.999	0.999	0.999	0.999	0.999	0.999	0.999	0.999	0.999	0.999	0.999	0.999	0.999	0.999	0.871	0	0	0	0	0	0	0	0	0	
1	0	0	0	0	0	0	0	0	0	0	1	0	0.546	0.529	0.546	0.548	0.55	0.548	0.486	0.469	0.486	0.482	0.407	0.461	0.466	0.924	0.083	1	1	0	0	0	0	0	0	0	0	0	0	0	0.998	0.998	0.989	0.988	0.998	0.998	0.998	0.998	0.998	0.998	0.998	0.998	0.998	0.998	0.998	0.998	0.998	0.998	0.873	0	0	0	0	0	0	0	0	0	
1	0	0	0	0	0	0	0	0	0	0	1	0	0.542	0.527	0.542	0.554	0.522	0.554	0.546	0.521	0.546	0.473	0.4	0.458	0.472	0.93	0.082	1	1	0	0	0	0	0	0	0	0	0	0	0	1	1	0.99	0.988	1	1	1	1	1	1	1	1	1	1	1	1	1	1	0.89	0	0	0	0	0	0	0	0	0	
1	0	0	0	0	0	0	0	0	0	0	1	0	0.539	0.533	0.539	0.53	0.512	0.53	0.496	0.467	0.496	0.476	0.406	0.464	0.466	0.926	0.082	1	1	0	0	0	0	0	0	0	0	0	0	0	1	1	0.989	0.989	1	1	1	1	1	1	1	1	1	1	1	1	1	1	0.887	0	0	0	0	0	0	0	0	0	
1	0	0	0	0	0	0	0	0	0	0	1	0	0.575	0.427	0.575	0.616	0.583	0.616	0.521	0.465	0.521	0.391	0.254	0.81	0.174	0.975	0.665	1	1	0	0	0	0	0	0	0	0	0	0	0	1	1	0.995	0.996	1	1	1	1	1	1	1	1	1	1	1	1	1	1	0.865	0	0	0	0	0	0	0	0.001	0	
1	0	0	0	0	0	0	0	0	0	0	1	0	0.571	0.443	0.571	0.588	0.563	0.588	0.514	0.473	0.514	0.412	0.283	0.719	0.247	0.963	0.515	1	1	0	0	0	0	0	0	0	0	0	0	0	1	1	0.994	0.995	1	1	1	1	1	1	1	1	1	1	1	1	1	1	0.871	0	0	0	0	0	0	0	0.001	0	
1	0	0	0	0	0	0	0	0	0	0	1	0	0.554	0.521	0.554	0.549	0.521	0.549	0.516	0.481	0.516	0.484	0.409	0.459	0.47	0.926	0.085	1	1	0	0	0	0	0	0	0	0	0	0	0	0.998	1	0.987	0.988	0.998	1	0.998	1	0.998	1	0.998	1	0.998	1	0.998	1	0.998	1	0.888	0	0	0	0	0	0	0	0.001	0	
1	0	0	0	0	0	0	0	0	0	0	1	0	0.551	0.531	0.551	0.551	0.526	0.551	0.501	0.506	0.501	0.482	0.404	0.47	0.467	0.926	0.082	1	1	0	0	0	0	0	0	0	0	0	0	0	1	0.999	0.99	0.992	1	0.999	1	0.999	1	0.999	1	0.999	1	0.999	1	0.999	1	0.999	0.874	0	0	0	0	0	0	0	0.003	0	
1	0	0	0	0	0	0	0	0	0	0	1	0	0.562	0.518	0.562	0.537	0.519	0.537	0.522	0.499	0.522	0.491	0.404	0.464	0.463	0.923	0.083	1	1	0	0	0	0	0	0	0	0	0	0	0	1	0.998	0.992	0.992	1	0.998	1	0.998	1	0.998	1	0.998	1	0.998	1	0.998	1	0.998	0.881	0	0	0	0	0	0	0	0.002	0	
1	0	0	0	0	0	0	0	0	0	0	1	0	0.589	0.397	0.589	0.631	0.603	0.631	0.52	0.455	0.52	0.362	0.206	0.883	0.105	0.985	0.797	1	1	0	0	0	0	0	0	0	0	0	0	0	1	1	0.998	0.998	1	1	1	1	1	1	1	1	1	1	1	1	1	1	0.864	0	0	0	0	0	0	0	0.001	0	
1	0	0	0	0	0	0	0	0	0	0	1	0	0.557	0.48	0.557	0.577	0.546	0.577	0.51	0.462	0.51	0.427	0.327	0.644	0.31	0.952	0.386	1	1	0	0	0	0	0	0	0	0	0	0	0	1	1	0.994	0.993	1	1	1	1	1	1	1	1	1	1	1	1	1	1	0.88	0	0	0	0	0	0	0	0	0	
1	0	0	0	0	0	0	0	0	0	0	1	0	0.549	0.524	0.549	0.554	0.52	0.554	0.5	0.492	0.5	0.478	0.41	0.464	0.47	0.925	0.084	1	1	0	0	0	0	0	0	0	0	0	0	0	1	1	0.991	0.992	1	1	1	1	1	1	1	1	1	1	1	1	1	1	0.88	0	0	0	0	0	0	0	0	0	
1	0	0	0	0	0	0	0	0	0	0	1	0	0.557	0.514	0.557	0.543	0.524	0.543	0.52	0.486	0.52	0.493	0.409	0.464	0.468	0.926	0.082	1	1	0	0	0	0	0	0	0	0	0	0	0	0.998	0.997	0.992	0.99	0.998	0.997	0.998	0.997	0.998	0.997	0.998	0.997	0.998	0.997	0.998	0.997	0.998	0.997	0.898	0	0	0	0	0	0	0	0	0	
1	0	0	0	0	0	0	0	0	0	0	1	0	0.557	0.524	0.557	0.542	0.525	0.542	0.528	0.5	0.528	0.479	0.398	0.46	0.465	0.928	0.086	1	1	0	0	0	0	0	0	0	0	0	0	0	0.999	0.999	0.991	0.991	0.999	0.999	0.999	0.999	0.999	0.999	0.999	0.999	0.999	0.999	0.999	0.999	0.999	0.999	0.874	0	0	0	0	0	0	0	0	0	
1	0	0	0	0	0	0	0	0	0	0	1	0	0.595	0.386	0.595	0.616	0.609	0.616	0.512	0.452	0.512	0.365	0.188	0.915	0.072	0.989	0.854	1	1	0	0	0	0	0	0	0	0	0	0	0	1	1	0.999	0.999	1	1	1	1	1	1	1	1	1	1	1	1	1	1	0.859	0	0	0	0	0	0	0	0	0	
1	0	0	0	0	0	0	0	0	0	0	1	0	0.557	0.529	0.557	0.541	0.534	0.541	0.511	0.496	0.511	0.48	0.406	0.464	0.473	0.929	0.081	1	1	0	0	0	0	0	0	0	0	0	0	0	0.999	0.999	0.989	0.987	0.999	0.999	0.999	0.999	0.999	0.999	0.999	0.999	0.999	0.999	0.999	0.999	0.999	0.999	0.875	0	0	0	0	0	0	0	0	0	
1	0	0	0	0	0	0	0	0	0	0	1	0	0.55	0.525	0.55	0.546	0.526	0.546	0.526	0.479	0.526	0.482	0.402	0.456	0.464	0.92	0.089	1	1	0	0	0	0	0	0	0	0	0	0	0	0.998	0.998	0.987	0.985	0.998	0.998	0.998	0.998	0.998	0.998	0.998	0.998	0.998	0.998	0.998	0.998	0.998	0.998	0.887	0	0	0	0	0	0	0	0.001	0	
1	0	0	0	0	0	0	0	0	0	0	1	0	0.555	0.489	0.555	0.57	0.532	0.57	0.521	0.482	0.521	0.444	0.35	0.593	0.356	0.944	0.303	1	1	0	0	0	0	0	0	0	0	0	0	0	1	1	0.991	0.992	1	1	1	1	1	1	1	1	1	1	1	1	1	1	0.882	0	0	0	0	0	0	0	0	0	
1	0	0	0	0	0	0	0	0	0	0	1	0	0.589	0.391	0.589	0.621	0.615	0.621	0.513	0.443	0.513	0.357	0.178	0.93	0.059	0.987	0.883	1	1	0	0	0	0	0	0	0	0	0	0	0	1	1	0.999	0.999	1	1	1	1	1	1	1	1	1	1	1	1	1	1	0.859	0	0	0	0	0	0	0	0	0	
1	0	0	0	0	0	0	0	0	0	0	1	0	0.557	0.519	0.557	0.547	0.538	0.547	0.531	0.489	0.531	0.487	0.404	0.459	0.463	0.925	0.083	1	1	0	0	0	0	0	0	0	0	0	0	0	0.998	0.998	0.991	0.99	0.998	0.998	0.998	0.998	0.998	0.998	0.998	0.998	0.998	0.998	0.998	0.998	0.998	0.998	0.886	0	0	0	0	0	0	0	0	0	
1	0	0	0	0	0	0	0	0	0	0	1	0	0.54	0.531	0.54	0.554	0.528	0.554	0.501	0.463	0.501	0.478	0.402	0.454	0.464	0.92	0.088	1	1	0	0	0	0	0	0	0	0	0	0	0	0.998	0.999	0.991	0.991	0.998	0.999	0.998	0.999	0.998	0.999	0.998	0.999	0.998	0.999	0.998	0.999	0.998	0.999	0.896	0	0	0	0	0	0	0	0	0	
1	0	0	0	0	0	0	0	0	0	0	1	0	0.565	0.51	0.565	0.541	0.526	0.541	0.518	0.495	0.518	0.482	0.41	0.465	0.475	0.927	0.081	1	1	0	0	0	0	0	0	0	0	0	0	0	0.999	1	0.988	0.989	0.999	1	0.999	1	0.999	1	0.999	1	0.999	1	0.999	1	0.999	1	0.883	0	0	0	0	0	0	0	0.002	0	
1	0	0	0	0	0	0	0	0	0	0	1	0	0.549	0.474	0.549	0.587	0.551	0.587	0.51	0.449	0.51	0.422	0.306	0.669	0.291	0.955	0.435	1	1	0	0	0	0	0	0	0	0	0	0	0	0.999	1	0.993	0.993	0.999	1	0.999	1	0.999	1	0.999	1	0.999	1	0.999	1	0.999	1	0.881	0	0	0	0	0	0	0	0	0	
1	0	0	0	0	0	0	0	0	0	0	1	0	0.577	0.418	0.577	0.605	0.597	0.605	0.514	0.443	0.514	0.38	0.218	0.856	0.129	0.982	0.752	1	1	0	0	0	0	0	0	0	0	0	0	0	0.999	0.999	0.999	0.998	0.999	0.999	0.999	0.999	0.999	0.999	0.999	0.999	0.999	0.999	0.999	0.999	0.999	0.999	0.866	0	0	0	0	0	0	0	0	0	
1	0	0	0	0	0	0	0	0	0	0	1	0	0.548	0.53	0.548	0.547	0.542	0.547	0.501	0.49	0.501	0.481	0.403	0.461	0.465	0.927	0.081	1	1	0	0	0	0	0	0	0	0	0	0	0	0.999	0.999	0.989	0.988	0.999	0.999	0.999	0.999	0.999	0.999	0.999	0.999	0.999	0.999	0.999	0.999	0.999	0.999	0.873	0	0	0	0	0	0	0	0	0	
1	0	0	0	0	0	0	0	0	0	0	1	0	0.538	0.532	0.538	0.555	0.525	0.555	0.536	0.504	0.536	0.481	0.401	0.459	0.472	0.931	0.081	1	1	0	0	0	0	0	0	0	0	0	0	0	0.999	0.999	0.99	0.988	0.999	0.999	0.999	0.999	0.999	0.999	0.999	0.999	0.999	0.999	0.999	0.999	0.999	0.999	0.892	0	0	0	0	0	0	0	0	0	
1	0	0	0	0	0	0	0	0	0	0	1	0	0.545	0.526	0.545	0.539	0.516	0.539	0.493	0.473	0.493	0.475	0.41	0.465	0.472	0.928	0.081	1	1	0	0	0	0	0	0	0	0	0	0	0	1	1	0.99	0.989	1	1	1	1	1	1	1	1	1	1	1	1	1	1	0.886	0	0	0	0	0	0	0	0	0	
1	0	0	0	0	0	0	0	0	0	0	1	0	0.563	0.451	0.563	0.597	0.569	0.597	0.531	0.473	0.531	0.403	0.279	0.746	0.222	0.963	0.564	1	1	0	0	0	0	0	0	0	0	0	0	0	1	1	0.993	0.995	1	1	1	1	1	1	1	1	1	1	1	1	1	1	0.868	0	0	0	0	0	0	0	0.001	0	
1	0	0	0	0	0	0	0	0	0	0	1	0	0.573	0.429	0.573	0.605	0.575	0.605	0.522	0.472	0.522	0.398	0.255	0.78	0.195	0.972	0.619	1	1	0	0	0	0	0	0	0	0	0	0	0	1	1	0.995	0.995	1	1	1	1	1	1	1	1	1	1	1	1	1	1	0.87	0	0	0	0	0	0	0	0.001	0	
1	0	0	0	0	0	0	0	0	0	0	1	0	0.555	0.518	0.555	0.54	0.517	0.54	0.504	0.468	0.504	0.479	0.405	0.46	0.465	0.925	0.083	1	1	0	0	0	0	0	0	0	0	0	0	0	0.998	1	0.988	0.99	0.998	1	0.998	1	0.998	1	0.998	1	0.998	1	0.998	1	0.998	1	0.889	0	0	0	0	0	0	0	0.001	0	
1	0	0	0	0	0	0	0	0	0	0	1	0	0.554	0.528	0.554	0.559	0.533	0.559	0.511	0.522	0.511	0.486	0.409	0.467	0.467	0.926	0.082	1	1	0	0	0	0	0	0	0	0	0	0	0	1	0.999	0.991	0.993	1	0.999	1	0.999	1	0.999	1	0.999	1	0.999	1	0.999	1	0.999	0.869	0	0	0	0	0	0	0	0.003	0	
1	0	0	0	0	0	0	0	0	0	0	1	0	0.558	0.52	0.558	0.54	0.51	0.54	0.509	0.479	0.509	0.493	0.405	0.463	0.467	0.924	0.083	1	1	0	0	0	0	0	0	0	0	0	0	0	1	0.998	0.989	0.989	1	0.998	1	0.998	1	0.998	1	0.998	1	0.998	1	0.998	1	0.998	0.892	0	0	0	0	0	0	0	0.001	0	
1	0	0	0	0	0	0	0	0	0	0	1	0	0.592	0.409	0.592	0.614	0.598	0.614	0.526	0.47	0.526	0.378	0.233	0.825	0.158	0.976	0.695	1	1	0	0	0	0	0	0	0	0	0	0	0	1	1	0.998	0.998	1	1	1	1	1	1	1	1	1	1	1	1	1	1	0.861	0	0	0	0	0	0	0	0.002	0	
1	0	0	0	0	0	0	0	0	0	0	1	0	0.556	0.468	0.556	0.595	0.559	0.595	0.502	0.463	0.502	0.411	0.301	0.706	0.259	0.96	0.488	1	1	0	0	0	0	0	0	0	0	0	0	0	1	1	0.995	0.995	1	1	1	1	1	1	1	1	1	1	1	1	1	1	0.868	0	0	0	0	0	0	0	0	0	
1	0	0	0	0	0	0	0	0	0	0	1	0	0.541	0.53	0.541	0.542	0.514	0.542	0.52	0.491	0.52	0.478	0.407	0.464	0.471	0.925	0.084	1	1	0	0	0	0	0	0	0	0	0	0	0	1	1	0.99	0.99	1	1	1	1	1	1	1	1	1	1	1	1	1	1	0.886	0	0	0	0	0	0	0	0	0	
1	0	0	0	0	0	0	0	0	0	0	1	0	0.566	0.509	0.566	0.553	0.525	0.553	0.499	0.483	0.499	0.485	0.405	0.464	0.464	0.927	0.083	1	1	0	0	0	0	0	0	0	0	0	0	0	0.999	0.998	0.993	0.991	0.999	0.998	0.999	0.998	0.999	0.998	0.999	0.998	0.999	0.998	0.999	0.998	0.999	0.998	0.893	0	0	0	0	0	0	0	0	0	
1	0	0	0	0	0	0	0	0	0	0	1	0	0.556	0.522	0.556	0.539	0.534	0.539	0.536	0.503	0.536	0.486	0.403	0.457	0.462	0.926	0.084	1	1	0	0	0	0	0	0	0	0	0	0	0	0.998	0.998	0.991	0.991	0.998	0.998	0.998	0.998	0.998	0.998	0.998	0.998	0.998	0.998	0.998	0.998	0.998	0.998	0.877	0	0	0	0	0	0	0	0	0	
1	0	0	0	0	0	0	0	0	0	0	1	0	0.593	0.387	0.593	0.619	0.605	0.619	0.521	0.453	0.521	0.368	0.197	0.899	0.094	0.988	0.826	1	1	0	0	0	0	0	0	0	0	0	0	0	1	1	0.999	0.999	1	1	1	1	1	1	1	1	1	1	1	1	1	1	0.861	0	0	0	0	0	0	0	0	0	
1	0	0	0	0	0	0	0	0	0	0	1	0	0.562	0.523	0.562	0.537	0.534	0.537	0.518	0.497	0.518	0.48	0.4	0.483	0.458	0.931	0.11	1	1	0	0	0	0	0	0	0	0	0	0	0	0.999	0.999	0.99	0.987	0.999	0.999	0.999	0.999	0.999	0.999	0.999	0.999	0.999	0.999	0.999	0.999	0.999	0.999	0.882	0	0	0	0	0	0	0	0	0	
1	0	0	0	0	0	0	0	0	0	0	1	0	0.549	0.53	0.549	0.554	0.523	0.554	0.503	0.48	0.503	0.479	0.403	0.459	0.464	0.92	0.09	1	1	0	0	0	0	0	0	0	0	0	0	0	0.998	0.998	0.986	0.986	0.998	0.998	0.998	0.998	0.998	0.998	0.998	0.998	0.998	0.998	0.998	0.998	0.998	0.998	0.876	0	0	0	0	0	0	0	0.001	0	
1	0	0	0	0	0	0	0	0	0	0	1	0	0.554	0.501	0.554	0.55	0.524	0.55	0.528	0.477	0.528	0.461	0.373	0.528	0.406	0.936	0.2	1	1	0	0	0	0	0	0	0	0	0	0	0	1	1	0.99	0.99	1	1	1	1	1	1	1	1	1	1	1	1	1	1	0.892	0	0	0	0	0	0	0	0	0	
1	0	0	0	0	0	0	0	0	0	0	1	0	0.589	0.377	0.589	0.63	0.629	0.63	0.521	0.447	0.521	0.338	0.149	0.988	0.004	0.997	0.985	1	1	0	0	0	0	0	0	0	0	0	0	0	1	1	0.999	0.999	1	1	1	1	1	1	1	1	1	1	1	1	1	1	0.852	0	0	0	0	0	0	0	0	0	
1	0	0	0	0	0	0	0	0	0	0	1	0	0.553	0.523	0.553	0.547	0.531	0.547	0.521	0.473	0.521	0.487	0.407	0.462	0.467	0.922	0.084	1	1	0	0	0	0	0	0	0	0	0	0	0	0.998	0.998	0.992	0.992	0.998	0.998	0.998	0.998	0.998	0.998	0.998	0.998	0.998	0.998	0.998	0.998	0.998	0.998	0.892	0	0	0	0	0	0	0	0	0	
1	0	0	0	0	0	0	0	0	0	0	1	0	0.552	0.521	0.552	0.551	0.532	0.551	0.513	0.482	0.513	0.477	0.401	0.455	0.469	0.922	0.086	1	1	0	0	0	0	0	0	0	0	0	0	0	0.999	0.999	0.991	0.99	0.999	0.999	0.999	0.999	0.999	0.999	0.999	0.999	0.999	0.999	0.999	0.999	0.999	0.999	0.892	0	0	0	0	0	0	0	0	0	
1	0	0	0	0	0	0	0	0	0	0	1	0	0.554	0.521	0.554	0.55	0.522	0.55	0.516	0.482	0.516	0.483	0.409	0.46	0.471	0.926	0.085	1	1	0	0	0	0	0	0	0	0	0	0	0	0.998	1	0.987	0.988	0.998	1	0.998	1	0.998	1	0.998	1	0.998	1	0.998	1	0.998	1	0.888	0	0	0	0	0	0	0	0.001	0	
1	0	0	0	0	0	0	0	0	0	0	1	0	0.551	0.485	0.551	0.573	0.542	0.573	0.502	0.458	0.502	0.441	0.333	0.612	0.341	0.947	0.33	1	1	0	0	0	0	0	0	0	0	0	0	0	0.999	1	0.993	0.993	0.999	1	0.999	1	0.999	1	0.999	1	0.999	1	0.999	1	0.999	1	0.879	0	0	0	0	0	0	0	0.001	0	
1	0	0	0	0	0	0	0	0	0	0	1	0	0.581	0.4	0.581	0.616	0.61	0.616	0.515	0.44	0.515	0.365	0.187	0.912	0.075	0.991	0.854	1	1	0	0	0	0	0	0	0	0	0	0	0	0.999	0.999	0.999	0.999	0.999	0.999	0.999	0.999	0.999	0.999	0.999	0.999	0.999	0.999	0.999	0.999	0.999	0.999	0.861	0	0	0	0	0	0	0	0	0	
1	0	0	0	0	0	0	0	0	0	0	1	0	0.549	0.532	0.549	0.545	0.544	0.545	0.509	0.493	0.509	0.479	0.402	0.464	0.465	0.927	0.082	1	1	0	0	0	0	0	0	0	0	0	0	0	0.999	0.999	0.99	0.988	0.999	0.999	0.999	0.999	0.999	0.999	0.999	0.999	0.999	0.999	0.999	0.999	0.999	0.999	0.873	0	0	0	0	0	0	0	0	0	
1	0	0	0	0	0	0	0	0	0	0	1	0	0.54	0.529	0.54	0.549	0.528	0.549	0.528	0.494	0.528	0.476	0.403	0.46	0.474	0.93	0.081	1	1	0	0	0	0	0	0	0	0	0	0	0	0.999	0.999	0.991	0.988	0.999	0.999	0.999	0.999	0.999	0.999	0.999	0.999	0.999	0.999	0.999	0.999	0.999	0.999	0.895	0	0	0	0	0	0	0	0	0	
1	0	0	0	0	0	0	0	0	0	0	1	0	0.54	0.53	0.54	0.547	0.514	0.547	0.5	0.485	0.5	0.481	0.412	0.464	0.471	0.926	0.082	1	1	0	0	0	0	0	0	0	0	0	0	0	1	1	0.99	0.991	1	1	1	1	1	1	1	1	1	1	1	1	1	1	0.881	0	0	0	0	0	0	0	0	0	
1	0	0	0	0	0	0	0	0	0	0	1	0	0.564	0.463	0.564	0.587	0.555	0.587	0.526	0.469	0.526	0.417	0.308	0.687	0.275	0.957	0.46	1	1	0	0	0	0	0	0	0	0	0	0	0	1	1	0.991	0.992	1	1	1	1	1	1	1	1	1	1	1	1	1	1	0.877	0	0	0	0	0	0	0	0.001	0	
1	0	0	0	0	0	0	0	0	0	0	1	0	0.572	0.415	0.572	0.609	0.581	0.609	0.524	0.457	0.524	0.381	0.227	0.838	0.143	0.978	0.723	1	1	0	0	0	0	0	0	0	0	0	0	0	1	1	0.996	0.996	1	1	1	1	1	1	1	1	1	1	1	1	1	1	0.872	0	0	0	0	0	0	0	0	0	
1	0	0	0	0	0	0	0	0	0	0	1	0	0.553	0.523	0.553	0.546	0.53	0.546	0.494	0.471	0.494	0.48	0.407	0.462	0.463	0.927	0.082	1	1	0	0	0	0	0	0	0	0	0	0	0	0.998	1	0.989	0.991	0.998	1	0.998	1	0.998	1	0.998	1	0.998	1	0.998	1	0.998	1	0.878	0	0	0	0	0	0	0	0.002	0	
1	0	0	0	0	0	0	0	0	0	0	1	0	0.565	0.516	0.565	0.559	0.523	0.559	0.532	0.526	0.532	0.486	0.409	0.466	0.469	0.925	0.082	1	1	0	0	0	0	0	0	0	0	0	0	0	1	0.999	0.99	0.992	1	0.999	1	0.999	1	0.999	1	0.999	1	0.999	1	0.999	1	0.999	0.884	0	0	0	0	0	0	0	0.003	0	
1	0	0	0	0	0	0	0	0	0	0	1	0	0.55	0.528	0.55	0.534	0.518	0.534	0.486	0.471	0.486	0.49	0.401	0.466	0.47	0.926	0.083	1	1	0	0	0	0	0	0	0	0	0	0	0	1	0.999	0.989	0.989	1	0.999	1	0.999	1	0.999	1	0.999	1	0.999	1	0.999	1	0.999	0.881	0	0	0	0	0	0	0	0.001	0	
1	0	0	0	0	0	0	0	0	0	0	1	0	0.588	0.429	0.588	0.608	0.578	0.608	0.54	0.488	0.54	0.396	0.264	0.762	0.208	0.967	0.591	1	1	0	0	0	0	0	0	0	0	0	0	0	1	0.999	0.997	0.997	1	0.999	1	0.999	1	0.999	1	0.999	1	0.999	1	0.999	1	0.999	0.864	0	0	0	0	0	0	0	0.002	0	
1	0	0	0	0	0	0	0	0	0	0	1	0	0.565	0.443	0.565	0.605	0.576	0.605	0.509	0.466	0.509	0.396	0.27	0.766	0.207	0.967	0.594	1	1	0	0	0	0	0	0	0	0	0	0	0	1	1	0.997	0.997	1	1	1	1	1	1	1	1	1	1	1	1	1	1	0.864	0	0	0	0	0	0	0	0	0	
1	0	0	0	0	0	0	0	0	0	0	1	0	0.543	0.527	0.543	0.542	0.505	0.542	0.515	0.475	0.515	0.48	0.407	0.461	0.466	0.927	0.082	1	1	0	0	0	0	0	0	0	0	0	0	0	1	1	0.988	0.988	1	1	1	1	1	1	1	1	1	1	1	1	1	1	0.897	0	0	0	0	0	0	0	0	0	
1	0	0	0	0	0	0	0	0	0	0	1	0	0.557	0.518	0.557	0.556	0.527	0.556	0.499	0.498	0.499	0.482	0.404	0.467	0.466	0.928	0.082	1	1	0	0	0	0	0	0	0	0	0	0	0	0.999	0.998	0.994	0.992	0.999	0.998	0.999	0.998	0.999	0.998	0.999	0.998	0.999	0.998	0.999	0.998	0.999	0.998	0.881	0	0	0	0	0	0	0	0	0	
1	0	0	0	0	0	0	0	0	0	0	1	0	0.557	0.519	0.557	0.545	0.542	0.545	0.532	0.49	0.532	0.488	0.407	0.46	0.466	0.925	0.083	1	1	0	0	0	0	0	0	0	0	0	0	0	0.998	0.998	0.991	0.99	0.998	0.998	0.998	0.998	0.998	0.998	0.998	0.998	0.998	0.998	0.998	0.998	0.998	0.998	0.885	0	0	0	0	0	0	0	0	0	
1	0	0	0	0	0	0	0	0	0	0	1	0	0.589	0.407	0.589	0.601	0.586	0.601	0.523	0.465	0.523	0.382	0.224	0.836	0.145	0.979	0.724	1	1	0	0	0	0	0	0	0	0	0	0	0	1	1	0.998	0.999	1	1	1	1	1	1	1	1	1	1	1	1	1	1	0.859	0	0	0	0	0	0	0	0	0	
1	0	0	0	0	0	0	0	0	0	0	1	0	0.57	0.504	0.57	0.543	0.543	0.543	0.511	0.481	0.511	0.462	0.371	0.544	0.406	0.938	0.216	1	1	0	0	0	0	0	0	0	0	0	0	0	0.999	0.999	0.991	0.989	0.999	0.999	0.999	0.999	0.999	0.999	0.999	0.999	0.999	0.999	0.999	0.999	0.999	0.999	0.884	0	0	0	0	0	0	0	0	0	
1	0	0	0	0	0	0	0	0	0	0	1	0	0.55	0.527	0.55	0.557	0.537	0.557	0.512	0.497	0.512	0.482	0.405	0.457	0.462	0.923	0.084	1	1	0	0	0	0	0	0	0	0	0	0	0	0.998	0.998	0.987	0.985	0.998	0.998	0.998	0.998	0.998	0.998	0.998	0.998	0.998	0.998	0.998	0.998	0.998	0.998	0.87	0	0	0	0	0	0	0	0	0	
1	0	0	0	0	0	0	0	0	0	0	1	0	0.545	0.526	0.545	0.541	0.503	0.541	0.523	0.476	0.523	0.477	0.402	0.469	0.46	0.926	0.1	1	1	0	0	0	0	0	0	0	0	0	0	0	1	1	0.988	0.989	1	1	1	1	1	1	1	1	1	1	1	1	1	1	0.894	0	0	0	0	0	0	0	0.001	0	
1	0	0	0	0	0	0	0	0	0	0	1	0	0.589	0.365	0.589	0.633	0.633	0.633	0.513	0.441	0.513	0.338	0.145	1	0	1	1	1	1	0	0	0	0	0	0	0	0	0	0	0	1	1	1	1	1	1	1	1	1	1	1	1	1	1	1	1	1	1	0.853	0	0	0	0	0	0	0	0	0	
1	0	0	0	0	0	0	0	0	0	0	1	0	0.561	0.511	0.561	0.549	0.541	0.549	0.519	0.466	0.519	0.474	0.381	0.512	0.42	0.93	0.171	1	1	0	0	0	0	0	0	0	0	0	0	0	0.998	0.998	0.991	0.991	0.998	0.998	0.998	0.998	0.998	0.998	0.998	0.998	0.998	0.998	0.998	0.998	0.998	0.998	0.889	0	0	0	0	0	0	0	0	0	
1	0	0	0	0	0	0	0	0	0	0	1	0	0.551	0.524	0.551	0.547	0.527	0.547	0.532	0.491	0.532	0.475	0.402	0.458	0.47	0.922	0.086	1	1	0	0	0	0	0	0	0	0	0	0	0	0.999	0.999	0.992	0.99	0.999	0.999	0.999	0.999	0.999	0.999	0.999	0.999	0.999	0.999	0.999	0.999	0.999	0.999	0.892	0	0	0	0	0	0	0	0	0	
1	0	0	0	0	0	0	0	0	0	0	1	0	0.548	0.524	0.548	0.554	0.521	0.554	0.502	0.473	0.502	0.479	0.404	0.458	0.464	0.923	0.086	1	1	0	0	0	0	0	0	0	0	0	0	0	0.998	1	0.988	0.99	0.998	1	0.998	1	0.998	1	0.998	1	0.998	1	0.998	1	0.998	1	0.89	0	0	0	0	0	0	0	0.001	0	
1	0	0	0	0	0	0	0	0	0	0	1	0	0.549	0.5	0.549	0.567	0.534	0.567	0.507	0.469	0.507	0.46	0.365	0.549	0.398	0.939	0.227	1	1	0	0	0	0	0	0	0	0	0	0	0	0.999	1	0.991	0.991	0.999	1	0.999	1	0.999	1	0.999	1	0.999	1	0.999	1	0.999	1	0.881	0	0	0	0	0	0	0	0.001	0	
1	0	0	0	0	0	0	0	0	0	0	1	0	0.589	0.384	0.589	0.628	0.633	0.628	0.515	0.446	0.515	0.345	0.155	0.974	0.018	0.997	0.958	1	1	0	0	0	0	0	0	0	0	0	0	0	1	1	1	1	1	1	1	1	1	1	1	1	1	1	1	1	1	1	0.848	0	0	0	0	0	0	0	0	0	
1	0	0	0	0	0	0	0	0	0	0	1	0	0.548	0.526	0.548	0.546	0.532	0.546	0.522	0.491	0.522	0.488	0.41	0.46	0.47	0.929	0.081	1	1	0	0	0	0	0	0	0	0	0	0	0	0.998	0.998	0.991	0.988	0.998	0.998	0.998	0.998	0.998	0.998	0.998	0.998	0.998	0.998	0.998	0.998	0.998	0.998	0.888	0	0	0	0	0	0	0	0	0	
1	0	0	0	0	0	0	0	0	0	0	1	0	0.535	0.536	0.535	0.554	0.532	0.554	0.504	0.491	0.504	0.473	0.401	0.463	0.474	0.93	0.081	1	1	0	0	0	0	0	0	0	0	0	0	0	0.999	0.999	0.99	0.989	0.999	0.999	0.999	0.999	0.999	0.999	0.999	0.999	0.999	0.999	0.999	0.999	0.999	0.999	0.881	0	0	0	0	0	0	0	0	0	
1	0	0	0	0	0	0	0	0	0	0	1	0	0.541	0.53	0.541	0.541	0.513	0.541	0.52	0.491	0.52	0.478	0.409	0.466	0.473	0.925	0.084	1	1	0	0	0	0	0	0	0	0	0	0	0	1	1	0.99	0.99	1	1	1	1	1	1	1	1	1	1	1	1	1	1	0.886	0	0	0	0	0	0	0	0	0	
1	0	0	0	0	0	0	0	0	0	0	1	0	0.56	0.48	0.56	0.574	0.54	0.574	0.515	0.461	0.515	0.437	0.338	0.624	0.325	0.95	0.355	1	1	0	0	0	0	0	0	0	0	0	0	0	1	1	0.99	0.991	1	1	1	1	1	1	1	1	1	1	1	1	1	1	0.884	0	0	0	0	0	0	0	0.001	0	
1	0	0	0	0	0	0	0	0	0	0	1	0	0.572	0.405	0.572	0.62	0.6	0.62	0.513	0.446	0.513	0.361	0.194	0.9	0.088	0.987	0.827	1	1	0	0	0	0	0	0	0	0	0	0	0	1	1	0.998	0.998	1	1	1	1	1	1	1	1	1	1	1	1	1	1	0.862	0	0	0	0	0	0	0	0	0	
1	0	0	0	0	0	0	0	0	0	0	1	0	0.56	0.513	0.56	0.546	0.524	0.546	0.507	0.488	0.507	0.486	0.409	0.461	0.464	0.927	0.081	1	1	0	0	0	0	0	0	0	0	0	0	0	0.998	1	0.988	0.991	0.998	1	0.998	1	0.998	1	0.998	1	0.998	1	0.998	1	0.998	1	0.88	0	0	0	0	0	0	0	0.002	0	
1	0	0	0	0	0	0	0	0	0	0	1	0	0.557	0.523	0.557	0.552	0.521	0.552	0.524	0.507	0.524	0.484	0.412	0.466	0.471	0.927	0.081	1	1	0	0	0	0	0	0	0	0	0	0	0	1	0.999	0.989	0.99	1	0.999	1	0.999	1	0.999	1	0.999	1	0.999	1	0.999	1	0.999	0.889	0	0	0	0	0	0	0	0.002	0	
1	0	0	0	0	0	0	0	0	0	0	1	0	0.554	0.522	0.554	0.546	0.522	0.546	0.488	0.485	0.488	0.481	0.398	0.466	0.469	0.923	0.086	1	1	0	0	0	0	0	0	0	0	0	0	0	1	0.999	0.99	0.99	1	0.999	1	0.999	1	0.999	1	0.999	1	0.999	1	0.999	1	0.999	0.876	0	0	0	0	0	0	0	0.002	0	
1	0	0	0	0	0	0	0	0	0	0	1	0	0.584	0.446	0.584	0.594	0.566	0.594	0.539	0.487	0.539	0.42	0.293	0.702	0.26	0.959	0.487	1	1	0	0	0	0	0	0	0	0	0	0	0	1	0.999	0.996	0.996	1	0.999	1	0.999	1	0.999	1	0.999	1	0.999	1	0.999	1	0.999	0.871	0	0	0	0	0	0	0	0.002	0	
1	0	0	0	0	0	0	0	0	0	0	1	0	0.569	0.43	0.569	0.61	0.588	0.61	0.523	0.468	0.523	0.382	0.244	0.827	0.157	0.975	0.695	1	1	0	0	0	0	0	0	0	0	0	0	0	1	1	0.997	0.997	1	1	1	1	1	1	1	1	1	1	1	1	1	1	0.861	0	0	0	0	0	0	0	0	0	
1	0	0	0	0	0	0	0	0	0	0	1	0	0.543	0.527	0.543	0.541	0.506	0.541	0.499	0.462	0.499	0.475	0.406	0.459	0.463	0.927	0.083	1	1	0	0	0	0	0	0	0	0	0	0	0	1	1	0.989	0.989	1	1	1	1	1	1	1	1	1	1	1	1	1	1	0.896	0	0	0	0	0	0	0	0	0	
1	0	0	0	0	0	0	0	0	0	0	1	0	0.56	0.513	0.56	0.554	0.529	0.554	0.516	0.516	0.516	0.486	0.404	0.466	0.467	0.928	0.082	1	1	0	0	0	0	0	0	0	0	0	0	0	0.999	0.998	0.995	0.993	0.999	0.998	0.999	0.998	0.999	0.998	0.999	0.998	0.999	0.998	0.999	0.998	0.999	0.998	0.878	0	0	0	0	0	0	0	0	0	
1	0	0	0	0	0	0	0	0	0	0	1	0	0.551	0.524	0.551	0.55	0.534	0.55	0.517	0.47	0.517	0.483	0.41	0.462	0.469	0.924	0.084	1	1	0	0	0	0	0	0	0	0	0	0	0	0.998	0.998	0.99	0.99	0.998	0.998	0.998	0.998	0.998	0.998	0.998	0.998	0.998	0.998	0.998	0.998	0.998	0.998	0.892	0	0	0	0	0	0	0	0	0	
1	0	0	0	0	0	0	0	0	0	0	1	0	0.592	0.417	0.592	0.592	0.58	0.592	0.525	0.477	0.525	0.401	0.249	0.776	0.194	0.972	0.621	1	1	0	0	0	0	0	0	0	0	0	0	0	1	1	0.997	0.997	1	1	1	1	1	1	1	1	1	1	1	1	1	1	0.861	0	0	0	0	0	0	0	0	0	
1	0	0	0	0	0	0	0	0	0	0	1	0	0.568	0.492	0.568	0.554	0.55	0.554	0.504	0.469	0.504	0.448	0.34	0.604	0.351	0.946	0.318	1	1	0	0	0	0	0	0	0	0	0	0	0	0.999	0.999	0.992	0.99	0.999	0.999	0.999	0.999	0.999	0.999	0.999	0.999	0.999	0.999	0.999	0.999	0.999	0.999	0.875	0	0	0	0	0	0	0	0	0	
1	0	0	0	0	0	0	0	0	0	0	1	0	0.554	0.526	0.554	0.56	0.533	0.56	0.517	0.497	0.517	0.481	0.405	0.46	0.463	0.925	0.083	1	1	0	0	0	0	0	0	0	0	0	0	0	0.998	0.998	0.986	0.985	0.998	0.998	0.998	0.998	0.998	0.998	0.998	0.998	0.998	0.998	0.998	0.998	0.998	0.998	0.878	0	0	0	0	0	0	0	0	0	
1	0	0	0	0	0	0	0	0	0	0	1	0	0.542	0.528	0.542	0.535	0.509	0.535	0.519	0.478	0.519	0.478	0.405	0.456	0.465	0.923	0.087	1	1	0	0	0	0	0	0	0	0	0	0	0	1	1	0.989	0.989	1	1	1	1	1	1	1	1	1	1	1	1	1	1	0.891	0	0	0	0	0	0	0	0.001	0	
1	0	0	0	0	0	0	0	0	0	0	1	0	0.59	0.383	0.59	0.624	0.618	0.624	0.526	0.454	0.526	0.349	0.175	0.95	0.049	0.993	0.912	1	1	0	0	0	0	0	0	0	0	0	0	0	1	1	0.999	0.999	1	1	1	1	1	1	1	1	1	1	1	1	1	1	0.856	0	0	0	0	0	0	0	0	0	
1	0	0	0	0	0	0	0	0	0	0	1	0	0.566	0.488	0.566	0.568	0.556	0.568	0.509	0.462	0.509	0.456	0.352	0.574	0.37	0.936	0.274	1	1	0	0	0	0	0	0	0	0	0	0	0	0.999	0.999	0.992	0.992	0.999	0.999	0.999	0.999	0.999	0.999	0.999	0.999	0.999	0.999	0.999	0.999	0.999	0.999	0.88	0	0	0	0	0	0	0	0	0	
1	0	0	0	0	0	0	0	0	0	0	1	0	0.552	0.526	0.552	0.539	0.529	0.539	0.532	0.487	0.532	0.481	0.401	0.459	0.468	0.926	0.086	1	1	0	0	0	0	0	0	0	0	0	0	0	0.998	0.998	0.991	0.989	0.998	0.998	0.998	0.998	0.998	0.998	0.998	0.998	0.998	0.998	0.998	0.998	0.998	0.998	0.893	0	0	0	0	0	0	0	0	0	
1	0	0	0	0	0	0	0	0	0	0	1	0	0.544	0.526	0.544	0.557	0.527	0.557	0.5	0.466	0.5	0.476	0.405	0.454	0.462	0.921	0.086	1	1	0	0	0	0	0	0	0	0	0	0	0	0.998	1	0.99	0.992	0.998	1	0.998	1	0.998	1	0.998	1	0.998	1	0.998	1	0.998	1	0.89	0	0	0	0	0	0	0	0.001	0	
1	0	0	0	0	0	0	0	0	0	0	1	0	0.548	0.513	0.548	0.557	0.515	0.557	0.514	0.481	0.514	0.479	0.393	0.49	0.452	0.931	0.124	1	1	0	0	0	0	0	0	0	0	0	0	0	0.999	1	0.989	0.989	0.999	1	0.999	1	0.999	1	0.999	1	0.999	1	0.999	1	0.999	1	0.89	0	0	0	0	0	0	0	0.001	0	
1	0	0	0	0	0	0	0	0	0	0	1	0	0.588	0.372	0.588	0.63	0.63	0.63	0.518	0.445	0.518	0.334	0.148	1	0	1	1	1	1	0	0	0	0	0	0	0	0	0	0	0	1	1	1	1	1	1	1	1	1	1	1	1	1	1	1	1	1	1	0.851	0	0	0	0	0	0	0	0	0	
1	0	0	0	0	0	0	0	0	0	0	1	0	0.556	0.519	0.556	0.549	0.541	0.549	0.514	0.475	0.514	0.476	0.388	0.496	0.439	0.935	0.142	1	1	0	0	0	0	0	0	0	0	0	0	0	0.998	0.998	0.992	0.99	0.998	0.998	0.998	0.998	0.998	0.998	0.998	0.998	0.998	0.998	0.998	0.998	0.998	0.998	0.887	0	0	0	0	0	0	0	0	0	
1	0	0	0	0	0	0	0	0	0	0	1	0	0.535	0.539	0.535	0.546	0.537	0.546	0.518	0.515	0.518	0.479	0.402	0.462	0.471	0.929	0.082	1	1	0	0	0	0	0	0	0	0	0	0	0	0.999	0.999	0.991	0.989	0.999	0.999	0.999	0.999	0.999	0.999	0.999	0.999	0.999	0.999	0.999	0.999	0.999	0.999	0.872	0	0	0	0	0	0	0	0	0	
1	0	0	0	0	0	0	0	0	0	0	1	0	0.545	0.522	0.545	0.552	0.508	0.552	0.519	0.475	0.519	0.478	0.406	0.461	0.468	0.926	0.083	1	1	0	0	0	0	0	0	0	0	0	0	0	1	1	0.988	0.988	1	1	1	1	1	1	1	1	1	1	1	1	1	1	0.898	0	0	0	0	0	0	0	0	0	
1	0	0	0	0	0	0	0	0	0	0	1	0	0.548	0.506	0.548	0.565	0.534	0.565	0.509	0.474	0.509	0.451	0.368	0.568	0.382	0.941	0.252	1	1	0	0	0	0	0	0	0	0	0	0	0	1	1	0.99	0.991	1	1	1	1	1	1	1	1	1	1	1	1	1	1	0.876	0	0	0	0	0	0	0	0.001	0	
1	0	0	0	0	0	0	0	0	0	0	1	0	0.585	0.38	0.585	0.626	0.621	0.626	0.51	0.439	0.51	0.348	0.164	0.959	0.031	0.995	0.93	1	1	0	0	0	0	0	0	0	0	0	0	0	1	1	0.999	0.999	1	1	1	1	1	1	1	1	1	1	1	1	1	1	0.856	0	0	0	0	0	0	0	0	0	
1	0	0	0	0	0	0	0	0	0	0	1	0	0.557	0.515	0.557	0.544	0.512	0.544	0.519	0.498	0.519	0.481	0.411	0.464	0.472	0.927	0.079	1	1	0	0	0	0	0	0	0	0	0	0	0	0.999	1	0.988	0.99	0.999	1	0.999	1	0.999	1	0.999	1	0.999	1	0.999	1	0.999	1	0.886	0	0	0	0	0	0	0	0.002	0	
1	0	0	0	0	0	0	0	0	0	0	1	0	0.552	0.528	0.552	0.561	0.527	0.561	0.505	0.493	0.505	0.481	0.412	0.464	0.469	0.925	0.083	1	1	0	0	0	0	0	0	0	0	0	0	0	0.999	1	0.989	0.991	0.999	1	0.999	1	0.999	1	0.999	1	0.999	1	0.999	1	0.999	1	0.885	0	0	0	0	0	0	0	0.002	0	
1	0	0	0	0	0	0	0	0	0	0	1	0	0.556	0.521	0.556	0.542	0.513	0.542	0.505	0.498	0.505	0.491	0.4	0.469	0.47	0.926	0.085	1	1	0	0	0	0	0	0	0	0	0	0	0	1	0.998	0.991	0.991	1	0.998	1	0.998	1	0.998	1	0.998	1	0.998	1	0.998	1	0.998	0.877	0	0	0	0	0	0	0	0.002	0	
1	0	0	0	0	0	0	0	0	0	0	1	0	0.581	0.463	0.581	0.584	0.558	0.584	0.535	0.484	0.535	0.431	0.32	0.639	0.31	0.95	0.385	1	1	0	0	0	0	0	0	0	0	0	0	0	1	0.999	0.994	0.994	1	0.999	1	0.999	1	0.999	1	0.999	1	0.999	1	0.999	1	0.999	0.877	0	0	0	0	0	0	0	0.002	0	
1	0	0	0	0	0	0	0	0	0	0	1	0	0.574	0.412	0.574	0.616	0.593	0.616	0.517	0.454	0.517	0.363	0.213	0.884	0.101	0.985	0.799	1	1	0	0	0	0	0	0	0	0	0	0	0	1	1	0.997	0.997	1	1	1	1	1	1	1	1	1	1	1	1	1	1	0.863	0	0	0	0	0	0	0	0	0	
1	0	0	0	0	0	0	0	0	0	0	1	0	0.545	0.524	0.545	0.547	0.517	0.547	0.496	0.47	0.496	0.481	0.405	0.465	0.466	0.926	0.082	1	1	0	0	0	0	0	0	0	0	0	0	0	1	1	0.991	0.99	1	1	1	1	1	1	1	1	1	1	1	1	1	1	0.888	0	0	0	0	0	0	0	0	0	
1	0	0	0	0	0	0	0	0	0	0	1	0	0.551	0.52	0.551	0.559	0.521	0.559	0.523	0.51	0.523	0.481	0.41	0.465	0.469	0.929	0.081	1	1	0	0	0	0	0	0	0	0	0	0	0	0.999	0.998	0.995	0.993	0.999	0.998	0.999	0.998	0.999	0.998	0.999	0.998	0.999	0.998	0.999	0.998	0.999	0.998	0.886	0	0	0	0	0	0	0	0	0	
1	0	0	0	0	0	0	0	0	0	0	1	0	0.562	0.515	0.562	0.541	0.539	0.541	0.507	0.47	0.507	0.488	0.405	0.462	0.467	0.922	0.087	1	1	0	0	0	0	0	0	0	0	0	0	0	0.998	0.998	0.988	0.989	0.998	0.998	0.998	0.998	0.998	0.998	0.998	0.998	0.998	0.998	0.998	0.998	0.998	0.998	0.887	0	0	0	0	0	0	0	0	0	
1	0	0	0	0	0	0	0	0	0	0	1	0	0.58	0.445	0.58	0.585	0.567	0.585	0.535	0.491	0.535	0.414	0.281	0.714	0.247	0.964	0.516	1	1	0	0	0	0	0	0	0	0	0	0	0	1	1	0.997	0.997	1	1	1	1	1	1	1	1	1	1	1	1	1	1	0.86	0	0	0	0	0	0	0	0	0	
1	0	0	0	0	0	0	0	0	0	0	1	0	0.575	0.468	0.575	0.564	0.56	0.564	0.503	0.467	0.503	0.43	0.31	0.664	0.298	0.956	0.42	1	1	0	0	0	0	0	0	0	0	0	0	0	1	1	0.993	0.992	1	1	1	1	1	1	1	1	1	1	1	1	1	1	0.873	0	0	0	0	0	0	0	0	0	
1	0	0	0	0	0	0	0	0	0	0	1	0	0.546	0.528	0.546	0.561	0.537	0.561	0.517	0.495	0.517	0.481	0.405	0.461	0.467	0.926	0.083	1	1	0	0	0	0	0	0	0	0	0	0	0	0.998	0.998	0.989	0.987	0.998	0.998	0.998	0.998	0.998	0.998	0.998	0.998	0.998	0.998	0.998	0.998	0.998	0.998	0.879	0	0	0	0	0	0	0	0	0	
1	0	0	0	0	0	0	0	0	0	0	1	0	0.554	0.523	0.554	0.535	0.514	0.535	0.512	0.472	0.512	0.48	0.402	0.456	0.465	0.921	0.088	1	1	0	0	0	0	0	0	0	0	0	0	0	0.999	0.999	0.987	0.986	0.999	0.999	0.999	0.999	0.999	0.999	0.999	0.999	0.999	0.999	0.999	0.999	0.999	0.999	0.89	0	0	0	0	0	0	0	0.001	0	
1	0	0	0	0	0	0	0	0	0	0	1	0	0.577	0.405	0.577	0.614	0.603	0.614	0.529	0.462	0.529	0.368	0.206	0.889	0.098	0.984	0.809	1	1	0	0	0	0	0	0	0	0	0	0	0	1	1	0.997	0.998	1	1	1	1	1	1	1	1	1	1	1	1	1	1	0.859	0	0	0	0	0	0	0	0	0	
1	0	0	0	0	0	0	0	0	0	0	1	0	0.569	0.476	0.569	0.572	0.565	0.572	0.519	0.468	0.519	0.438	0.321	0.635	0.318	0.945	0.379	1	1	0	0	0	0	0	0	0	0	0	0	0	0.999	0.999	0.993	0.993	0.999	0.999	0.999	0.999	0.999	0.999	0.999	0.999	0.999	0.999	0.999	0.999	0.999	0.999	0.874	0	0	0	0	0	0	0	0	0	
1	0	0	0	0	0	0	0	0	0	0	1	0	0.556	0.518	0.556	0.539	0.526	0.539	0.529	0.48	0.529	0.486	0.405	0.458	0.465	0.924	0.082	1	1	0	0	0	0	0	0	0	0	0	0	0	0.998	0.998	0.992	0.99	0.998	0.998	0.998	0.998	0.998	0.998	0.998	0.998	0.998	0.998	0.998	0.998	0.998	0.998	0.898	0	0	0	0	0	0	0	0	0	
1	0	0	0	0	0	0	0	0	0	0	1	0	0.541	0.532	0.541	0.56	0.529	0.56	0.498	0.471	0.498	0.477	0.402	0.454	0.463	0.923	0.087	1	1	0	0	0	0	0	0	0	0	0	0	0	0.998	1	0.989	0.992	0.998	1	0.998	1	0.998	1	0.998	1	0.998	1	0.998	1	0.998	1	0.885	0	0	0	0	0	0	0	0.001	0	
1	0	0	0	0	0	0	0	0	0	0	1	0	0.555	0.517	0.555	0.547	0.52	0.547	0.513	0.475	0.513	0.48	0.406	0.463	0.469	0.926	0.083	1	1	0	0	0	0	0	0	0	0	0	0	0	0.999	1	0.989	0.988	0.999	1	0.999	1	0.999	1	0.999	1	0.999	1	0.999	1	0.999	1	0.89	0	0	0	0	0	0	0	0.001	0	
1	0	0	0	0	0	0	0	0	0	0	1	0	0.581	0.379	0.581	0.631	0.615	0.631	0.515	0.444	0.515	0.346	0.164	0.967	0.037	0.996	0.939	1	1	0	0	0	0	0	0	0	0	0	0	0	1	1	0.999	0.999	1	1	1	1	1	1	1	1	1	1	1	1	1	1	0.86	0	0	0	0	0	0	0	0	0	
1	0	0	0	0	0	0	0	0	0	0	1	0	0.552	0.511	0.552	0.556	0.551	0.556	0.507	0.467	0.507	0.461	0.361	0.559	0.387	0.942	0.245	1	1	0	0	0	0	0	0	0	0	0	0	0	0.998	0.998	0.993	0.992	0.998	0.998	0.998	0.998	0.998	0.998	0.998	0.998	0.998	0.998	0.998	0.998	0.998	0.998	0.877	0	0	0	0	0	0	0	0	0	
1	0	0	0	0	0	0	0	0	0	0	1	0	0.549	0.527	0.549	0.544	0.538	0.544	0.527	0.507	0.527	0.474	0.403	0.46	0.47	0.929	0.084	1	1	0	0	0	0	0	0	0	0	0	0	0	0.999	0.999	0.991	0.989	0.999	0.999	0.999	0.999	0.999	0.999	0.999	0.999	0.999	0.999	0.999	0.999	0.999	0.999	0.881	0	0	0	0	0	0	0	0	0	
1	0	0	0	0	0	0	0	0	0	0	1	0	0.532	0.534	0.532	0.552	0.511	0.552	0.511	0.48	0.511	0.479	0.405	0.458	0.468	0.927	0.08	1	1	0	0	0	0	0	0	0	0	0	0	0	1	1	0.988	0.987	1	1	1	1	1	1	1	1	1	1	1	1	1	1	0.893	0	0	0	0	0	0	0	0	0	
1	0	0	0	0	0	0	0	0	0	0	1	0	0.549	0.516	0.549	0.56	0.519	0.56	0.515	0.486	0.515	0.469	0.396	0.51	0.435	0.933	0.15	1	1	0	0	0	0	0	0	0	0	0	0	0	1	1	0.989	0.99	1	1	1	1	1	1	1	1	1	1	1	1	1	1	0.882	0	0	0	0	0	0	0	0.001	0	
1	0	0	0	0	0	0	0	0	0	0	1	0	0.591	0.369	0.591	0.632	0.632	0.632	0.517	0.443	0.517	0.336	0.148	1	0	1	1	1	1	0	0	0	0	0	0	0	0	0	0	0	1	1	1	1	1	1	1	1	1	1	1	1	1	1	1	1	1	1	0.852	0	0	0	0	0	0	0	0	0	
1	0	0	0	0	0	0	0	0	0	0	1	0	0.546	0.519	0.546	0.555	0.509	0.555	0.52	0.493	0.52	0.478	0.399	0.481	0.452	0.932	0.113	1	1	0	0	0	0	0	0	0	0	0	0	0	0.999	1	0.988	0.989	0.999	1	0.999	1	0.999	1	0.999	1	0.999	1	0.999	1	0.999	1	0.887	0	0	0	0	0	0	0	0.001	0	
1	0	0	0	0	0	0	0	0	0	0	1	0	0.559	0.519	0.559	0.554	0.531	0.554	0.5	0.496	0.5	0.475	0.41	0.469	0.471	0.925	0.083	1	1	0	0	0	0	0	0	0	0	0	0	0	0.999	1	0.989	0.992	0.999	1	0.999	1	0.999	1	0.999	1	0.999	1	0.999	1	0.999	1	0.88	0	0	0	0	0	0	0	0.003	0	
1	0	0	0	0	0	0	0	0	0	0	1	0	0.556	0.525	0.556	0.547	0.521	0.547	0.515	0.497	0.515	0.492	0.401	0.46	0.464	0.924	0.084	1	1	0	0	0	0	0	0	0	0	0	0	0	1	0.998	0.992	0.992	1	0.998	1	0.998	1	0.998	1	0.998	1	0.998	1	0.998	1	0.998	0.877	0	0	0	0	0	0	0	0.002	0	
1	0	0	0	0	0	0	0	0	0	0	1	0	0.576	0.479	0.576	0.569	0.54	0.569	0.521	0.484	0.521	0.451	0.35	0.585	0.365	0.942	0.282	1	1	0	0	0	0	0	0	0	0	0	0	0	1	0.999	0.992	0.992	1	0.999	1	0.999	1	0.999	1	0.999	1	0.999	1	0.999	1	0.999	0.882	0	0	0	0	0	0	0	0.002	0	
1	0	0	0	0	0	0	0	0	0	0	1	0	0.582	0.392	0.582	0.621	0.609	0.621	0.518	0.444	0.518	0.346	0.178	0.944	0.045	0.992	0.902	1	1	0	0	0	0	0	0	0	0	0	0	0	1	1	0.999	0.999	1	1	1	1	1	1	1	1	1	1	1	1	1	1	0.861	0	0	0	0	0	0	0	0	0	
1	0	0	0	0	0	0	0	0	0	0	1	0	0.541	0.527	0.541	0.559	0.515	0.559	0.496	0.481	0.496	0.481	0.413	0.464	0.471	0.927	0.08	1	1	0	0	0	0	0	0	0	0	0	0	0	1	1	0.991	0.991	1	1	1	1	1	1	1	1	1	1	1	1	1	1	0.883	0	0	0	0	0	0	0	0	0	
1	0	0	0	0	0	0	0	0	0	0	1	0	0.553	0.517	0.553	0.548	0.514	0.548	0.521	0.495	0.521	0.485	0.408	0.465	0.468	0.927	0.083	1	1	0	0	0	0	0	0	0	0	0	0	0	0.999	0.998	0.993	0.991	0.999	0.998	0.999	0.998	0.999	0.998	0.999	0.998	0.999	0.998	0.999	0.998	0.999	0.998	0.897	0	0	0	0	0	0	0	0	0	
1	0	0	0	0	0	0	0	0	0	0	1	0	0.561	0.518	0.561	0.549	0.541	0.549	0.504	0.482	0.504	0.481	0.406	0.465	0.469	0.924	0.085	1	1	0	0	0	0	0	0	0	0	0	0	0	0.999	0.999	0.989	0.989	0.999	0.999	0.999	0.999	0.999	0.999	0.999	0.999	0.999	0.999	0.999	0.999	0.999	0.999	0.876	0	0	0	0	0	0	0	0	0	
1	0	0	0	0	0	0	0	0	0	0	1	0	0.575	0.458	0.575	0.572	0.557	0.572	0.54	0.492	0.54	0.434	0.306	0.652	0.297	0.956	0.415	1	1	0	0	0	0	0	0	0	0	0	0	0	0.999	0.999	0.996	0.996	0.999	0.999	0.999	0.999	0.999	0.999	0.999	0.999	0.999	0.999	0.999	0.999	0.999	0.999	0.87	0	0	0	0	0	0	0	0	0	
1	0	0	0	0	0	0	0	0	0	0	1	0	0.576	0.461	0.576	0.574	0.568	0.574	0.508	0.471	0.508	0.415	0.28	0.723	0.243	0.963	0.523	1	1	0	0	0	0	0	0	0	0	0	0	0	1	1	0.994	0.993	1	1	1	1	1	1	1	1	1	1	1	1	1	1	0.864	0	0	0	0	0	0	0	0	0	
1	0	0	0	0	0	0	0	0	0	0	1	0	0.551	0.521	0.551	0.555	0.546	0.555	0.52	0.488	0.52	0.478	0.411	0.462	0.472	0.927	0.081	1	1	0	0	0	0	0	0	0	0	0	0	0	0.998	0.998	0.99	0.987	0.998	0.998	0.998	0.998	0.998	0.998	0.998	0.998	0.998	0.998	0.998	0.998	0.998	0.998	0.884	0	0	0	0	0	0	0	0	0	
1	0	0	0	0	0	0	0	0	0	0	1	0	0.549	0.527	0.549	0.547	0.511	0.547	0.503	0.479	0.503	0.482	0.402	0.458	0.463	0.92	0.089	1	1	0	0	0	0	0	0	0	0	0	0	0	0.999	0.999	0.987	0.988	0.999	0.999	0.999	0.999	0.999	0.999	0.999	0.999	0.999	0.999	0.999	0.999	0.999	0.999	0.882	0	0	0	0	0	0	0	0.001	0	
1	0	0	0	0	0	0	0	0	0	0	1	0	0.58	0.417	0.58	0.596	0.586	0.596	0.534	0.459	0.534	0.381	0.232	0.827	0.15	0.977	0.707	1	1	0	0	0	0	0	0	0	0	0	0	0	1	1	0.995	0.995	1	1	1	1	1	1	1	1	1	1	1	1	1	1	0.871	0	0	0	0	0	0	0	0	0	
1	0	0	0	0	0	0	0	0	0	0	1	0	0.572	0.46	0.572	0.58	0.58	0.58	0.527	0.47	0.527	0.424	0.292	0.692	0.263	0.953	0.48	1	1	0	0	0	0	0	0	0	0	0	0	0	0.999	0.999	0.996	0.995	0.999	0.999	0.999	0.999	0.999	0.999	0.999	0.999	0.999	0.999	0.999	0.999	0.999	0.999	0.872	0	0	0	0	0	0	0	0	0	
1	0	0	0	0	0	0	0	0	0	0	1	0	0.555	0.517	0.555	0.546	0.525	0.546	0.51	0.466	0.51	0.489	0.405	0.46	0.465	0.924	0.084	1	1	0	0	0	0	0	0	0	0	0	0	0	0.998	0.998	0.989	0.99	0.998	0.998	0.998	0.998	0.998	0.998	0.998	0.998	0.998	0.998	0.998	0.998	0.998	0.998	0.895	0	0	0	0	0	0	0	0	0	
1	0	0	0	0	0	0	0	0	0	0	1	0	0.547	0.527	0.547	0.551	0.527	0.551	0.518	0.489	0.518	0.47	0.403	0.458	0.468	0.923	0.085	1	1	0	0	0	0	0	0	0	0	0	0	0	0.999	1	0.99	0.99	0.999	1	0.999	1	0.999	1	0.999	1	0.999	1	0.999	1	0.999	1	0.887	0	0	0	0	0	0	0	0.001	0	
1	0	0	0	0	0	0	0	0	0	0	1	0	0.553	0.518	0.553	0.558	0.52	0.558	0.507	0.473	0.507	0.482	0.406	0.462	0.47	0.928	0.084	1	1	0	0	0	0	0	0	0	0	0	0	0	0.998	1	0.989	0.99	0.998	1	0.998	1	0.998	1	0.998	1	0.998	1	0.998	1	0.998	1	0.889	0	0	0	0	0	0	0	0.001	0	
1	0	0	0	0	0	0	0	0	0	0	1	0	0.572	0.405	0.572	0.615	0.605	0.615	0.513	0.443	0.513	0.361	0.195	0.905	0.086	0.986	0.837	1	1	0	0	0	0	0	0	0	0	0	0	0	1	1	0.998	0.997	1	1	1	1	1	1	1	1	1	1	1	1	1	1	0.861	0	0	0	0	0	0	0	0	0	
1	0	0	0	0	0	0	0	0	0	0	1	0	0.56	0.486	0.56	0.566	0.559	0.566	0.507	0.465	0.507	0.445	0.331	0.619	0.336	0.951	0.348	1	1	0	0	0	0	0	0	0	0	0	0	0	0.999	0.999	0.994	0.993	0.999	0.999	0.999	0.999	0.999	0.999	0.999	0.999	0.999	0.999	0.999	0.999	0.999	0.999	0.874	0	0	0	0	0	0	0	0	0	
1	0	0	0	0	0	0	0	0	0	0	1	0	0.545	0.528	0.545	0.557	0.539	0.557	0.522	0.5	0.522	0.477	0.403	0.458	0.466	0.929	0.081	1	1	0	0	0	0	0	0	0	0	0	0	0	0.998	0.998	0.99	0.988	0.998	0.998	0.998	0.998	0.998	0.998	0.998	0.998	0.998	0.998	0.998	0.998	0.998	0.998	0.882	0	0	0	0	0	0	0	0	0	
1	0	0	0	0	0	0	0	0	0	0	1	0	0.54	0.532	0.54	0.541	0.516	0.541	0.508	0.482	0.508	0.479	0.401	0.464	0.469	0.927	0.083	1	1	0	0	0	0	0	0	0	0	0	0	0	1	1	0.99	0.988	1	1	1	1	1	1	1	1	1	1	1	1	1	1	0.892	0	0	0	0	0	0	0	0	0	
1	0	0	0	0	0	0	0	0	0	0	1	0	0.539	0.536	0.539	0.544	0.51	0.544	0.522	0.489	0.522	0.474	0.413	0.461	0.468	0.925	0.081	1	1	0	0	0	0	0	0	0	0	0	0	0	1	1	0.987	0.989	1	1	1	1	1	1	1	1	1	1	1	1	1	1	0.882	0	0	0	0	0	0	0	0	0	
1	0	0	0	0	0	0	0	0	0	0	1	0	0.587	0.373	0.587	0.635	0.626	0.635	0.516	0.445	0.516	0.345	0.162	0.985	0.021	0.999	0.966	1	1	0	0	0	0	0	0	0	0	0	0	0	1	1	1	1	1	1	1	1	1	1	1	1	1	1	1	1	1	1	0.856	0	0	0	0	0	0	0	0.001	0	
1	0	0	0	0	0	0	0	0	0	0	1	0	0.555	0.497	0.555	0.563	0.518	0.563	0.517	0.479	0.517	0.457	0.369	0.544	0.399	0.937	0.218	1	1	0	0	0	0	0	0	0	0	0	0	0	0.999	1	0.989	0.99	0.999	1	0.999	1	0.999	1	0.999	1	0.999	1	0.999	1	0.999	1	0.889	0	0	0	0	0	0	0	0.001	0	
1	0	0	0	0	0	0	0	0	0	0	1	0	0.556	0.524	0.556	0.549	0.531	0.549	0.513	0.504	0.513	0.48	0.408	0.458	0.469	0.927	0.083	1	1	0	0	0	0	0	0	0	0	0	0	0	0.999	1	0.989	0.991	0.999	1	0.999	1	0.999	1	0.999	1	0.999	1	0.999	1	0.999	1	0.875	0	0	0	0	0	0	0	0.002	0	
1	0	0	0	0	0	0	0	0	0	0	1	0	0.561	0.517	0.561	0.558	0.524	0.558	0.513	0.492	0.513	0.497	0.407	0.47	0.465	0.925	0.08	1	1	0	0	0	0	0	0	0	0	0	0	0	1	0.998	0.991	0.992	1	0.998	1	0.998	1	0.998	1	0.998	1	0.998	1	0.998	1	0.998	0.886	0	0	0	0	0	0	0	0.003	0	
1	0	0	0	0	0	0	0	0	0	0	1	0	0.568	0.502	0.568	0.557	0.527	0.557	0.516	0.496	0.516	0.462	0.376	0.523	0.419	0.934	0.181	1	1	0	0	0	0	0	0	0	0	0	0	0	1	0.999	0.992	0.992	1	0.999	1	0.999	1	0.999	1	0.999	1	0.999	1	0.999	1	0.999	0.877	0	0	0	0	0	0	0	0.002	0	
1	0	0	0	0	0	0	0	0	0	0	1	0	0.589	0.369	0.589	0.631	0.633	0.631	0.513	0.44	0.513	0.338	0.148	1	0	1	1	1	1	0	0	0	0	0	0	0	0	0	0	0	1	1	1	1	1	1	1	1	1	1	1	1	1	1	1	1	1	1	0.853	0	0	0	0	0	0	0	0	0	
1	0	0	0	0	0	0	0	0	0	0	1	0	0.54	0.531	0.54	0.558	0.509	0.558	0.51	0.492	0.51	0.473	0.415	0.472	0.467	0.928	0.085	1	1	0	0	0	0	0	0	0	0	0	0	0	1	1	0.991	0.991	1	1	1	1	1	1	1	1	1	1	1	1	1	1	0.884	0	0	0	0	0	0	0	0	0	
1	0	0	0	0	0	0	0	0	0	0	1	0	0.549	0.522	0.549	0.552	0.51	0.552	0.497	0.483	0.497	0.481	0.41	0.466	0.468	0.928	0.084	1	1	0	0	0	0	0	0	0	0	0	0	0	1	0.999	0.993	0.991	1	0.999	1	0.999	1	0.999	1	0.999	1	0.999	1	0.999	1	0.999	0.893	0	0	0	0	0	0	0	0	0	
1	0	0	0	0	0	0	0	0	0	0	1	0	0.561	0.518	0.561	0.54	0.543	0.54	0.522	0.493	0.522	0.484	0.399	0.458	0.463	0.924	0.084	1	1	0	0	0	0	0	0	0	0	0	0	0	0.998	0.998	0.989	0.989	0.998	0.998	0.998	0.998	0.998	0.998	0.998	0.998	0.998	0.998	0.998	0.998	0.998	0.998	0.879	0	0	0	0	0	0	0	0	0	
1	0	0	0	0	0	0	0	0	0	0	1	0	0.574	0.474	0.574	0.567	0.543	0.567	0.536	0.485	0.536	0.45	0.342	0.594	0.352	0.946	0.312	1	1	0	0	0	0	0	0	0	0	0	0	0	0.999	0.999	0.995	0.995	0.999	0.999	0.999	0.999	0.999	0.999	0.999	0.999	0.999	0.999	0.999	0.999	0.999	0.999	0.877	0	0	0	0	0	0	0	0	0	
1	0	0	0	0	0	0	0	0	0	0	1	0	0.583	0.435	0.583	0.583	0.584	0.583	0.519	0.472	0.519	0.402	0.25	0.783	0.193	0.973	0.625	1	1	0	0	0	0	0	0	0	0	0	0	0	1	1	0.996	0.994	1	1	1	1	1	1	1	1	1	1	1	1	1	1	0.865	0	0	0	0	0	0	0	0	0	
1	0	0	0	0	0	0	0	0	0	0	1	0	0.553	0.523	0.553	0.551	0.539	0.551	0.5	0.467	0.5	0.477	0.41	0.467	0.471	0.925	0.085	1	1	0	0	0	0	0	0	0	0	0	0	0	0.998	0.998	0.989	0.988	0.998	0.998	0.998	0.998	0.998	0.998	0.998	0.998	0.998	0.998	0.998	0.998	0.998	0.998	0.886	0	0	0	0	0	0	0	0	0	
1	0	0	0	0	0	0	0	0	0	0	1	0	0.547	0.529	0.547	0.551	0.517	0.551	0.522	0.504	0.522	0.482	0.402	0.455	0.464	0.921	0.087	1	1	0	0	0	0	0	0	0	0	0	0	0	0.999	0.999	0.987	0.987	0.999	0.999	0.999	0.999	0.999	0.999	0.999	0.999	0.999	0.999	0.999	0.999	0.999	0.999	0.875	0	0	0	0	0	0	0	0.001	0	
1	0	0	0	0	0	0	0	0	0	0	1	0	0.572	0.436	0.572	0.588	0.573	0.588	0.521	0.453	0.521	0.399	0.262	0.765	0.2	0.968	0.603	1	1	0	0	0	0	0	0	0	0	0	0	0	1	1	0.994	0.994	1	1	1	1	1	1	1	1	1	1	1	1	1	1	0.875	0	0	0	0	0	0	0	0	0	
1	0	0	0	0	0	0	0	0	0	0	1	0	0.57	0.448	0.57	0.591	0.586	0.591	0.524	0.457	0.524	0.405	0.263	0.752	0.21	0.962	0.583	1	1	0	0	0	0	0	0	0	0	0	0	0	0.999	0.999	0.997	0.996	0.999	0.999	0.999	0.999	0.999	0.999	0.999	0.999	0.999	0.999	0.999	0.999	0.999	0.999	0.873	0	0	0	0	0	0	0	0	0	
1	0	0	0	0	0	0	0	0	0	0	1	0	0.562	0.513	0.562	0.544	0.528	0.544	0.505	0.475	0.505	0.485	0.406	0.463	0.467	0.926	0.083	1	1	0	0	0	0	0	0	0	0	0	0	0	0.999	0.999	0.989	0.99	0.999	0.999	0.999	0.999	0.999	0.999	0.999	0.999	0.999	0.999	0.999	0.999	0.999	0.999	0.887	0	0	0	0	0	0	0	0	0	
1	0	0	0	0	0	0	0	0	0	0	1	0	0.538	0.534	0.538	0.559	0.525	0.559	0.531	0.49	0.531	0.477	0.401	0.452	0.468	0.922	0.087	1	1	0	0	0	0	0	0	0	0	0	0	0	0.998	0.999	0.99	0.989	0.998	0.999	0.998	0.999	0.998	0.999	0.998	0.999	0.998	0.999	0.998	0.999	0.998	0.999	0.893	0	0	0	0	0	0	0	0	0	
1	0	0	0	0	0	0	0	0	0	0	1	0	0.558	0.516	0.558	0.547	0.529	0.547	0.499	0.468	0.499	0.479	0.408	0.464	0.469	0.924	0.084	1	1	0	0	0	0	0	0	0	0	0	0	0	0.998	1	0.989	0.991	0.998	1	0.998	1	0.998	1	0.998	1	0.998	1	0.998	1	0.998	1	0.885	0	0	0	0	0	0	0	0.002	0	
1	0	0	0	0	0	0	0	0	0	0	1	0	0.57	0.414	0.57	0.609	0.587	0.609	0.514	0.45	0.514	0.381	0.219	0.846	0.138	0.98	0.733	1	1	0	0	0	0	0	0	0	0	0	0	0	1	1	0.997	0.996	1	1	1	1	1	1	1	1	1	1	1	1	1	1	0.867	0	0	0	0	0	0	0	0	0	
1	0	0	0	0	0	0	0	0	0	0	1	0	0.561	0.478	0.561	0.577	0.568	0.577	0.513	0.47	0.513	0.425	0.298	0.676	0.28	0.958	0.451	1	1	0	0	0	0	0	0	0	0	0	0	0	0.999	0.999	0.995	0.994	0.999	0.999	0.999	0.999	0.999	0.999	0.999	0.999	0.999	0.999	0.999	0.999	0.999	0.999	0.866	0	0	0	0	0	0	0	0	0	
1	0	0	0	0	0	0	0	0	0	0	1	0	0.55	0.522	0.55	0.558	0.544	0.558	0.518	0.484	0.518	0.48	0.408	0.464	0.466	0.927	0.081	1	1	0	0	0	0	0	0	0	0	0	0	0	0.998	0.998	0.99	0.987	0.998	0.998	0.998	0.998	0.998	0.998	0.998	0.998	0.998	0.998	0.998	0.998	0.998	0.998	0.886	0	0	0	0	0	0	0	0	0	
