9.472656250000000000e-01
2.617187500000000000e-01
9.482421875000000000e-01
3.564453125000000000e-01
4.951171875000000000e-01
8.867187500000000000e-01
3.222656250000000000e-01
2.578125000000000000e-01
9.384765625000000000e-01
8.867187500000000000e-01
1.367187500000000000e-02
5.068359375000000000e-01
2.578125000000000000e-01
3.603515625000000000e-01
5.048828125000000000e-01
2.578125000000000000e-01
9.472656250000000000e-01
9.384765625000000000e-01
3.574218750000000000e-01
0.000000000000000000e+00
4.951171875000000000e-01
2.617187500000000000e-01
9.384765625000000000e-01
8.857421875000000000e-01
2.021484375000000000e-01
3.554687500000000000e-01
4.902343750000000000e-01
2.578125000000000000e-01
4.882812500000000000e-01
5.068359375000000000e-01
0.000000000000000000e+00
3.564453125000000000e-01
9.472656250000000000e-01
4.619140625000000000e-01
9.384765625000000000e-01
2.578125000000000000e-01
2.021484375000000000e-01
8.857421875000000000e-01
4.951171875000000000e-01
3.300781250000000000e-01
2.578125000000000000e-01
2.617187500000000000e-01
5.048828125000000000e-01
2.500000000000000000e-01
5.068359375000000000e-01
2.578125000000000000e-01
3.564453125000000000e-01
9.384765625000000000e-01
5.068359375000000000e-01
2.578125000000000000e-01
8.867187500000000000e-01
2.958984375000000000e-01
8.867187500000000000e-01
3.603515625000000000e-01
5.068359375000000000e-01
3.251953125000000000e-01
2.578125000000000000e-01
3.515625000000000000e-01
2.578125000000000000e-01
8.867187500000000000e-01
9.384765625000000000e-01
4.482421875000000000e-01
3.134765625000000000e-01
8.857421875000000000e-01
5.068359375000000000e-01
5.048828125000000000e-01
3.457031250000000000e-01
0.000000000000000000e+00
9.472656250000000000e-01
9.384765625000000000e-01
2.578125000000000000e-01
5.048828125000000000e-01
2.578125000000000000e-01
3.232421875000000000e-01
2.578125000000000000e-01
4.218750000000000000e-01
3.916015625000000000e-01
3.564453125000000000e-01
2.578125000000000000e-01
5.048828125000000000e-01
4.785156250000000000e-01
2.500000000000000000e-01
3.564453125000000000e-01
8.867187500000000000e-01
3.398437500000000000e-01
3.681640625000000000e-01
9.472656250000000000e-01
3.339843750000000000e-01
2.578125000000000000e-01
9.482421875000000000e-01
3.837890625000000000e-01
9.375000000000000000e-01
3.554687500000000000e-01
9.482421875000000000e-01
4.306640625000000000e-01
2.578125000000000000e-01
4.843750000000000000e-01
4.599609375000000000e-01
9.472656250000000000e-01
4.902343750000000000e-01
9.062500000000000000e-01
3.515625000000000000e-01
1.367187500000000000e-02
2.578125000000000000e-01
3.251953125000000000e-01
2.578125000000000000e-01
2.617187500000000000e-01
8.857421875000000000e-01
4.941406250000000000e-01
9.482421875000000000e-01
1.406250000000000000e-01
3.515625000000000000e-01
4.482421875000000000e-01
3.564453125000000000e-01
2.578125000000000000e-01
8.857421875000000000e-01
4.902343750000000000e-01
3.398437500000000000e-01
3.515625000000000000e-01
2.578125000000000000e-01
3.564453125000000000e-01
4.228515625000000000e-01
3.779296875000000000e-01
9.482421875000000000e-01
2.578125000000000000e-01
0.000000000000000000e+00
2.500000000000000000e-01
4.228515625000000000e-01
4.785156250000000000e-01
9.384765625000000000e-01
9.765625000000000000e-01
9.482421875000000000e-01
8.867187500000000000e-01
0.000000000000000000e+00
8.789062500000000000e-01
9.384765625000000000e-01
3.564453125000000000e-01
2.617187500000000000e-01
3.134765625000000000e-01
5.048828125000000000e-01
9.482421875000000000e-01
