0
0.3515625
0.3525390625
0.3525390625
0.3603515625
0.3603515625
0.3779296875
0.3779296875
0.3779296875
0.3779296875
0.3837890625
0.3837890625
0.3837890625
0.39453125
0.3935546875
0.3935546875
0.3935546875
0.3916015625
0.3916015625
0.3896484375
0.3896484375
0.38671875
0.38671875
0.3681640625
0.3681640625
0.357421875
0.0986328125
0.0986328125
0.0986328125
0
0.287109375
0.2880859375
0.2880859375
0.2958984375
0.2958984375
0.3134765625
0.3134765625
0.3134765625
0.3134765625
0.3193359375
0.3193359375
0.3193359375
0.330078125
0.330078125
0.3291015625
0.3291015625
0.3291015625
0.3291015625
0.3271484375
0.3271484375
0.3251953125
0.3251953125
0.322265625
0.322265625
0.3037109375
0.3037109375
0.29296875
0.0361328125
0.0361328125
0.0361328125
0.0361328125
0.0341796875
0.0341796875
0.0341796875
0
0.3251953125
0.326171875
0.326171875
0.333984375
0.333984375
0.3515625
0.3515625
0.3515625
0.3515625
0.357421875
0.357421875
0.357421875
0.3681640625
0.3681640625
0.3681640625
0.3681640625
0.3681640625
0.3681640625
0.3681640625
0.3681640625
0.3681640625
0.3681640625
0.3515625
0.3515625
0.3515625
0
0.4501953125
0.451171875
0.451171875
0.458984375
0.458984375
0.478515625
0.478515625
0.478515625
0.478515625
0.484375
0.484375
0.484375
0.4951171875
0.4951171875
0.4951171875
0.4951171875
0.4951171875
0.4951171875
0.4951171875
0.4951171875
0.4951171875
0.4951171875
0.4951171875
0.4951171875
0.4951171875
0.4951171875
0.4951171875
0.869140625
0.947265625
0.9482421875
0.947265625
0.947265625
0.9482421875
0.9482421875
0.947265625
0.947265625
0.9482421875
0.9482421875
0.9482421875
0.9482421875
0.947265625
0.9482421875
0.9482421875
0.9482421875
0.947265625
0.9482421875
0.9482421875
0.9482421875
0.947265625
0.9482421875
0.9482421875
0.9482421875
0.9482421875
0.9482421875
0.9482421875
0.9482421875
0.947265625
0.9482421875
0.947265625
0.9482421875
0.9482421875
0.947265625
0.9482421875
0.9482421875
0.947265625
0.9482421875
0.947265625
0.947265625
0.9482421875
0.9384765625
0.9375
0.9384765625
0.9384765625
0.9375
0.9384765625
0.9375
0.9384765625
0.9384765625
0.9375
0.9384765625
0.9375
0.9384765625
0.9384765625
0.9384765625
0.9384765625
0.9384765625
0.9384765625
0.9384765625
0.9384765625
0.9375
0.9384765625
0.9384765625
0.9375
0.9384765625
0.9375
0.9384765625
0.9375
0.9375
0.9384765625
0.9384765625
0.9375
0.9384765625
0.9384765625
0.9384765625
0.9375
0.9384765625
0.9375
0.9375
0.9384765625
0
0.4599609375
0.4609375
0.4609375
0.46875
0.46875
0.48828125
0.48828125
0.48828125
0.48828125
0.494140625
0.494140625
0.494140625
0.5048828125
0.5048828125
0.5048828125
0.5048828125
0.5048828125
0.5048828125
0.5048828125
0.5048828125
0.5048828125
0.5048828125
0.5048828125
0.5048828125
0.5048828125
0.5048828125
0.5048828125
0.5048828125
0.5048828125
0.5048828125
0.5048828125
0.5048828125
0.5048828125
0.5048828125
0.5048828125
0.5048828125
0.5048828125
0.5048828125
0.5048828125
0.5048828125
0.5048828125
0.5048828125
0.9619140625
0.9765625
0.95703125
0.91015625
0.91015625
0.9091796875
0.9072265625
0.90625
0
0.4619140625
0.462890625
0.462890625
0.470703125
0.470703125
0.490234375
0.490234375
0.490234375
0.490234375
0.49609375
0.49609375
0.49609375
0.5068359375
0.5068359375
0.5068359375
0.5068359375
0.5068359375
0.5068359375
0.5068359375
0.5068359375
0.5068359375
0.5068359375
0.5068359375
0.5048828125
0.5048828125
0.5029296875
0.888671875
0.88671875
0.88671875
0.88671875
0.88671875
0.8857421875
0.88671875
0.88671875
0.8857421875
0.88671875
0.88671875
0.8857421875
0.88671875
0.8857421875
0.8857421875
0.8857421875
0.8857421875
0.8857421875
0.8857421875
0.88671875
0.88671875
0.88671875
0.88671875
0.88671875
0.88671875
0.88671875
0.88671875
0.87890625
0
0.3134765625
0.314453125
0.314453125
0.322265625
0.322265625
0.33984375
0.33984375
0.33984375
0.33984375
0.345703125
0.345703125
0.345703125
0.3564453125
0.3564453125
0.3564453125
0.3564453125
0.3564453125
0.3564453125
0.3564453125
0.3564453125
0.3564453125
0.3564453125
0.3564453125
0.3564453125
0.3564453125
0.3564453125
0.3564453125
0.3564453125
0.3564453125
0.3564453125
0.3564453125
0.3564453125
0.3564453125
0.3564453125
0.3564453125
0.35546875
0.35546875
0.35546875
0.35546875
0.353515625
0.353515625
0.3515625
0.3515625
0.3486328125
0.3486328125
0.3310546875
0.3310546875
0.3232421875
0.013671875
0.013671875
0
0.421875
0.4228515625
0.4228515625
0.4306640625
0.4306640625
0.4482421875
0.4482421875
0.4482421875
0.4482421875
0.4541015625
0.4541015625
0.4541015625
0.46484375
0.46484375
0.4638671875
0.4638671875
0.4638671875
0.4638671875
0.4619140625
0.4619140625
0.4599609375
0.4599609375
0.4599609375
0.4599609375
0.443359375
0.443359375
0.4365234375
0.140625
0.2578125
0.2578125
0.2578125
0.2578125
0.26171875
0.26171875
0.26171875
0.26171875
0.26171875
0.26171875
0.26171875
0.26171875
0.26171875
0.26171875
0.26171875
0.26171875
0.26171875
0.26171875
0.26171875
0.26171875
0.26171875
0.26171875
0.2578125
0.2578125
0.2578125
0.2578125
0.2578125
0.2578125
0.2578125
0.2578125
0.2578125
0.2578125
0.2578125
0.2578125
0.2578125
0.2578125
0.2578125
0.2578125
0.2578125
0.2578125
0.2578125
0.2578125
0.2578125
0.2578125
0.2578125
0.2578125
0.2578125
0.2578125
0.2578125
0.2578125
0.2578125
0.2578125
0.2578125
0.2578125
0.2578125
0.2578125
0.2578125
0.2578125
0.2578125
0.2578125
0.2578125
0.2578125
0.2578125
0.2578125
0.2578125
0.2578125
0.2548828125
0.2548828125
0.25
0.25
0.25
0.25
0.25
0.25
0.25
0.25
0.25
0.25
0.2373046875
0.2021484375
0.2021484375
