9.549419576262643261e-01
2.559060747782986311e-01
9.305586195598642973e-01
4.224411127700058444e-01
4.422353594320647119e-01
8.902965321224236561e-01
4.470966156707198991e-01
2.601625115396508647e-01
9.378728614585760681e-01
8.928787503002730830e-01
4.405117146864121480e-01
3.408930006310164629e-01
2.903943815374567805e-01
4.084931333829935340e-01
4.317472842569749503e-01
2.552925916581934018e-01
9.141883885943151711e-01
9.486753118155810682e-01
1.659280687356421424e-01
2.984884103830509616e-02
3.958509983251623510e-01
2.656577688369488044e-01
9.577439079196246041e-01
9.149187213381573258e-01
2.352406579204888715e-01
4.476902885701328216e-01
4.131819222141110970e-01
2.640575287125592752e-01
4.131460013206869064e-01
3.508890342830035536e-01
2.984884103830509616e-02
4.657960377564940302e-01
9.555825848412986545e-01
4.299354500301468818e-01
9.680570043467504604e-01
2.682324028476195110e-01
2.739496058686690105e-01
8.826555793832575603e-01
4.955251030671696810e-01
1.461289786432224957e-01
2.676888462203841357e-01
2.466738627310895993e-01
4.135093532288500739e-01
2.382166532381724267e-01
4.374601651845786421e-01
2.611770894920972808e-01
5.270791195264372675e-01
9.104424347799557893e-01
4.034878583963781296e-01
2.457859939215758516e-01
8.556361000858068167e-01
4.084931333829935340e-01
9.160691032641388176e-01
4.353927472013801037e-01
3.285307401577064468e-01
4.247909329908488019e-01
2.655558773597057609e-01
4.300363584091009272e-01
2.533312138887175990e-01
8.525212157740078567e-01
9.538941049734184219e-01
4.055340082170495464e-01
4.128868535674463658e-01
8.960708103161358906e-01
3.999149690109824462e-01
7.183694820025756655e-01
4.879565947969730644e-01
3.172499486140978320e-02
9.461261231965671925e-01
9.218554291485396845e-01
2.564551111183881460e-01
4.454730212503399400e-01
2.520290153381701259e-01
4.950072073163518382e-01
2.333954758262315465e-01
4.389016630932509599e-01
4.400574224030187054e-01
6.169173434657331256e-01
2.571192988446036054e-01
3.369638073102159126e-01
4.300363584091009272e-01
2.442300326267776711e-01
5.056091626513570247e-01
9.043558221649199425e-01
4.421188563039812891e-01
4.398126931967034636e-01
9.781682722725726364e-01
4.084931333829935340e-01
2.719372234616947992e-01
9.553732560209517999e-01
4.102851693799074440e-01
9.372299320868968664e-01
4.084931333829935340e-01
1.007259577328344591e+00
4.353927472013801037e-01
2.723005037307792975e-01
4.102851693799074440e-01
4.113145329949965401e-01
9.579513787223312704e-01
4.131460013206869064e-01
9.014157176764037160e-01
4.055340082170495464e-01
4.424627358141641764e-01
2.583870002902166618e-01
4.389016630932509599e-01
2.602518326941698490e-01
2.320416190389131827e-01
8.613225747878949790e-01
4.987883400219779162e-01
8.812272484258336647e-01
2.217158291944123505e-01
4.389016630932509599e-01
4.131819222141110970e-01
4.404465362506506665e-01
2.574451079174231438e-01
8.771461697663234247e-01
4.300363584091009272e-01
4.283237093379774763e-01
4.542963144388103558e-01
2.709423616663606538e-01
4.473080060900009869e-01
4.269650773833326696e-01
4.300363584091009272e-01
9.322831976799115239e-01
2.428997905274208335e-01
3.172499486140978320e-02
2.492810768646940289e-01
4.476902885701328216e-01
4.055340082170495464e-01
8.769697058062355666e-01
8.638567687205558343e-01
9.138865429606575219e-01
9.136492688023771791e-01
3.259438879515563769e-01
8.923727888952761589e-01
9.420147603279964699e-01
4.303859771218903063e-01
2.771961229493662415e-01
4.055340082170495464e-01
3.574266653788562564e-01
9.736455182039698286e-01
