4.400000000000000000e+01
5.000000000000000000e+01
8.900000000000000000e+01
9.600000000000000000e+01
1.110000000000000000e+02
1.120000000000000000e+02
1.160000000000000000e+02
1.190000000000000000e+02
1.200000000000000000e+02
1.270000000000000000e+02
1.280000000000000000e+02
1.350000000000000000e+02
1.360000000000000000e+02
4.410000000000000000e+02
4.430000000000000000e+02
5.470000000000000000e+02
5.490000000000000000e+02
9.930000000000000000e+02
9.960000000000000000e+02
9.970000000000000000e+02
1.044000000000000000e+03
1.050000000000000000e+03
1.089000000000000000e+03
1.096000000000000000e+03
1.111000000000000000e+03
1.112000000000000000e+03
1.116000000000000000e+03
1.119000000000000000e+03
1.120000000000000000e+03
1.127000000000000000e+03
1.128000000000000000e+03
1.135000000000000000e+03
1.136000000000000000e+03
1.299000000000000000e+03
1.318000000000000000e+03
1.324000000000000000e+03
1.441000000000000000e+03
1.443000000000000000e+03
1.547000000000000000e+03
1.549000000000000000e+03
1.671000000000000000e+03
1.672000000000000000e+03
1.993000000000000000e+03
1.996000000000000000e+03
1.997000000000000000e+03
2.044000000000000000e+03
2.050000000000000000e+03
2.089000000000000000e+03
2.096000000000000000e+03
2.111000000000000000e+03
2.112000000000000000e+03
2.116000000000000000e+03
2.119000000000000000e+03
2.120000000000000000e+03
2.127000000000000000e+03
2.128000000000000000e+03
2.135000000000000000e+03
2.136000000000000000e+03
2.318000000000000000e+03
2.441000000000000000e+03
2.443000000000000000e+03
2.547000000000000000e+03
2.549000000000000000e+03
2.671000000000000000e+03
