5.245423717113624207e-01
9.645030333611828155e-01
9.645030333611828155e-01
9.645030333611828155e-01
9.645030333611828155e-01
9.645030333611828155e-01
9.519022535440342381e-01
9.645030333611828155e-01
9.645030333611828155e-01
8.897262811641155622e-01
8.169377767897856302e-01
5.778629846298315442e-01
9.645030333611828155e-01
6.886625319728807426e-01
3.826284048244303904e-01
9.645030333611828155e-01
9.519022535440342381e-01
6.325700310606805488e-01
9.645030333611828155e-01
7.578008998660550333e-01
9.645030333611828155e-01
8.409795735040859199e-01
2.696596886652002922e-01
9.645030333611828155e-01
1.071910034059726513e-01
9.919744125167540005e-02
9.020510542084991812e-01
9.645030333611828155e-01
3.632440444033306903e-01
9.645030333611828155e-01
-2.111056238405240038e-02
9.393566563211095399e-01
9.519022535440342381e-01
9.645030333611828155e-01
9.645030333611828155e-01
1.071910034059726513e-01
5.350955338488745383e-01
4.932158876525534197e-01
1.479953127471560492e-01
9.645030333611828155e-01
-2.111056238405240038e-02
9.645030333611828155e-01
9.645030333611828155e-01
6.436777271063363060e-01
9.645030333611828155e-01
9.020510542084991812e-01
9.020510542084991812e-01
5.563683134222117133e-01
7.812897299425856090e-01
9.645030333611828155e-01
9.645030333611828155e-01
9.268662513185006446e-01
9.519022535440342381e-01
7.229826291566894270e-01
9.645030333611828155e-01
5.036025413117783955e-01
9.125965695224635965e-02
9.020510542084991812e-01
9.645030333611828155e-01
4.320620805500254846e-01
9.645030333611828155e-01
9.645030333611828155e-01
9.645030333611828155e-01
1.495065488219893268e-02
9.645030333611828155e-01
7.345333778556266680e-01
7.931171139697141825e-01
9.645030333611828155e-01
9.645030333611828155e-01
5.995794852914002604e-01
8.049997991891757465e-01
9.020510542084991812e-01
4.320620805500254846e-01
4.121218823109700224e-01
9.645030333611828155e-01
2.426696610180840707e-01
3.536352712233963302e-01
3.826284048244303904e-01
9.645030333611828155e-01
9.645030333611828155e-01
9.645030333611828155e-01
9.268662513185006446e-01
9.645030333611828155e-01
9.645030333611828155e-01
9.645030333611828155e-01
8.897262811641155622e-01
3.536352712233963302e-01
9.020510542084991812e-01
6.886625319728807426e-01
9.645030333611828155e-01
9.393566563211095399e-01
1.233454419324004903e-01
4.421155226717417008e-01
9.645030333611828155e-01
9.645030333611828155e-01
6.886625319728807426e-01
9.645030333611828155e-01
9.393566563211095399e-01
9.645030333611828155e-01
3.157563798211810990e-01
9.645030333611828155e-01
9.645030333611828155e-01
9.645030333611828155e-01
8.049997991891757465e-01
9.645030333611828155e-01
9.645030333611828155e-01
7.812897299425856090e-01
9.645030333611828155e-01
9.519022535440342381e-01
9.645030333611828155e-01
9.645030333611828155e-01
9.645030333611828155e-01
9.645030333611828155e-01
9.393566563211095399e-01
6.773332433639041028e-01
6.436777271063363060e-01
9.268662513185006446e-01
9.645030333611828155e-01
5.563683134222117133e-01
9.519022535440342381e-01
7.578008998660550333e-01
8.530833743696746296e-01
9.144310471654932826e-01
8.169377767897856302e-01
9.645030333611828155e-01
7.345333778556266680e-01
4.421155226717417008e-01
9.645030333611828155e-01
4.726091392711566641e-01
9.645030333611828155e-01
9.645030333611828155e-01
5.457041830212290279e-01
9.645030333611828155e-01
7.114872326909278399e-01
6.778102284246756426e-02
-2.111056238405240038e-02
9.645030333611828155e-01
9.393566563211095399e-01
9.645030333611828155e-01
9.519022535440342381e-01
9.645030333611828155e-01
9.645030333611828155e-01
2.971507428718211941e-01
9.645030333611828155e-01
4.932158876525534197e-01
9.645030333611828155e-01
9.645030333611828155e-01
9.645030333611828155e-01
5.670879162770177118e-01
9.645030333611828155e-01
9.645030333611828155e-01
4.220641978662058591e-01
5.778629846298315442e-01
9.645030333611828155e-01
7.000471975096331789e-01
9.645030333611828155e-01
4.220641978662058591e-01
8.652424321970499932e-01
5.886935100405423782e-01
6.436777271063363060e-01
9.020510542084991812e-01
2.971507428718211941e-01
9.645030333611828155e-01
9.645030333611828155e-01
4.726091392711566641e-01
7.695176558171112902e-01
9.645030333611828155e-01
9.645030333611828155e-01
9.645030333611828155e-01
9.645030333611828155e-01
9.645030333611828155e-01
8.652424321970499932e-01
4.421155226717417008e-01
1.479953127471560492e-01
