1.000000000000000000e+00
1.000000000000000000e+00
1.000000000000000000e+00
1.000000000000000000e+00
9.921875000000000000e-01
1.000000000000000000e+00
9.990234375000000000e-01
1.000000000000000000e+00
1.000000000000000000e+00
1.000000000000000000e+00
5.039062500000000000e-01
6.250000000000000000e-02
1.000000000000000000e+00
6.250000000000000000e-02
7.812500000000000000e-02
1.000000000000000000e+00
8.857421875000000000e-01
1.000000000000000000e+00
1.000000000000000000e+00
1.000000000000000000e+00
1.000000000000000000e+00
8.876953125000000000e-01
2.060546875000000000e-01
1.000000000000000000e+00
1.767578125000000000e-01
6.250000000000000000e-02
2.324218750000000000e-01
1.000000000000000000e+00
7.031250000000000000e-02
1.000000000000000000e+00
6.250000000000000000e-02
1.000000000000000000e+00
9.951171875000000000e-01
1.000000000000000000e+00
1.000000000000000000e+00
0.000000000000000000e+00
7.031250000000000000e-02
5.058593750000000000e-01
7.812500000000000000e-02
1.000000000000000000e+00
7.812500000000000000e-02
1.000000000000000000e+00
9.941406250000000000e-01
1.000000000000000000e+00
9.921875000000000000e-01
8.857421875000000000e-01
8.857421875000000000e-01
6.250000000000000000e-02
5.058593750000000000e-01
1.000000000000000000e+00
1.000000000000000000e+00
1.000000000000000000e+00
9.960937500000000000e-01
1.000000000000000000e+00
1.000000000000000000e+00
1.000000000000000000e+00
4.882812500000000000e-02
1.000000000000000000e+00
1.000000000000000000e+00
7.031250000000000000e-02
1.000000000000000000e+00
1.000000000000000000e+00
1.000000000000000000e+00
7.031250000000000000e-02
1.000000000000000000e+00
6.250000000000000000e-02
1.000000000000000000e+00
1.000000000000000000e+00
1.000000000000000000e+00
5.058593750000000000e-01
1.000000000000000000e+00
1.000000000000000000e+00
1.000000000000000000e+00
7.031250000000000000e-02
1.000000000000000000e+00
7.812500000000000000e-02
7.812500000000000000e-02
7.812500000000000000e-02
1.000000000000000000e+00
1.000000000000000000e+00
9.931640625000000000e-01
9.960937500000000000e-01
1.000000000000000000e+00
1.000000000000000000e+00
1.000000000000000000e+00
1.000000000000000000e+00
4.892578125000000000e-01
1.000000000000000000e+00
5.058593750000000000e-01
9.990234375000000000e-01
8.847656250000000000e-01
7.812500000000000000e-02
7.031250000000000000e-02
1.000000000000000000e+00
1.000000000000000000e+00
9.990234375000000000e-01
1.000000000000000000e+00
9.941406250000000000e-01
1.000000000000000000e+00
4.697265625000000000e-01
8.857421875000000000e-01
1.000000000000000000e+00
1.000000000000000000e+00
1.000000000000000000e+00
1.000000000000000000e+00
1.000000000000000000e+00
0.000000000000000000e+00
1.000000000000000000e+00
1.000000000000000000e+00
1.000000000000000000e+00
9.902343750000000000e-01
1.000000000000000000e+00
9.921875000000000000e-01
8.857421875000000000e-01
2.304687500000000000e-01
1.000000000000000000e+00
1.000000000000000000e+00
1.000000000000000000e+00
1.000000000000000000e+00
9.921875000000000000e-01
1.000000000000000000e+00
1.000000000000000000e+00
8.857421875000000000e-01
1.000000000000000000e+00
1.000000000000000000e+00
1.000000000000000000e+00
2.089843750000000000e-01
1.000000000000000000e+00
7.812500000000000000e-02
1.000000000000000000e+00
1.000000000000000000e+00
7.812500000000000000e-02
1.000000000000000000e+00
1.000000000000000000e+00
3.417968750000000000e-02
0.000000000000000000e+00
1.000000000000000000e+00
8.857421875000000000e-01
9.902343750000000000e-01
9.921875000000000000e-01
1.000000000000000000e+00
9.990234375000000000e-01
2.050781250000000000e-01
1.000000000000000000e+00
7.812500000000000000e-02
1.000000000000000000e+00
1.000000000000000000e+00
1.000000000000000000e+00
2.089843750000000000e-01
9.970703125000000000e-01
1.000000000000000000e+00
4.697265625000000000e-01
1.000000000000000000e+00
1.000000000000000000e+00
1.000000000000000000e+00
1.000000000000000000e+00
7.812500000000000000e-02
1.000000000000000000e+00
1.000000000000000000e+00
1.000000000000000000e+00
1.000000000000000000e+00
7.812500000000000000e-02
1.000000000000000000e+00
1.000000000000000000e+00
6.250000000000000000e-02
1.000000000000000000e+00
1.000000000000000000e+00
1.000000000000000000e+00
1.000000000000000000e+00
9.931640625000000000e-01
9.960937500000000000e-01
0.000000000000000000e+00
7.812500000000000000e-02
4.492187500000000000e-02
1.000000000000000000e+00
1.000000000000000000e+00
1.000000000000000000e+00
7.812500000000000000e-02
9.902343750000000000e-01
1.000000000000000000e+00
1.000000000000000000e+00
4.892578125000000000e-01
1.000000000000000000e+00
1.000000000000000000e+00
1.000000000000000000e+00
7.812500000000000000e-02
1.000000000000000000e+00
7.812500000000000000e-02
1.000000000000000000e+00
1.000000000000000000e+00
9.990234375000000000e-01
1.000000000000000000e+00
7.812500000000000000e-02
4.609375000000000000e-01
9.970703125000000000e-01
7.812500000000000000e-02
1.000000000000000000e+00
2.089843750000000000e-01
8.857421875000000000e-01
1.000000000000000000e+00
1.000000000000000000e+00
1.000000000000000000e+00
9.912109375000000000e-01
1.000000000000000000e+00
9.951171875000000000e-01
9.912109375000000000e-01
1.000000000000000000e+00
9.912109375000000000e-01
2.011718750000000000e-01
1.000000000000000000e+00
1.000000000000000000e+00
1.000000000000000000e+00
7.812500000000000000e-02
1.000000000000000000e+00
7.031250000000000000e-02
1.962890625000000000e-01
9.892578125000000000e-01
1.000000000000000000e+00
5.058593750000000000e-01
1.000000000000000000e+00
9.941406250000000000e-01
1.000000000000000000e+00
1.000000000000000000e+00
8.857421875000000000e-01
4.492187500000000000e-02
7.812500000000000000e-02
1.000000000000000000e+00
8.857421875000000000e-01
1.000000000000000000e+00
1.000000000000000000e+00
1.000000000000000000e+00
9.951171875000000000e-01
2.236328125000000000e-01
1.000000000000000000e+00
2.011718750000000000e-01
2.089843750000000000e-01
1.000000000000000000e+00
1.000000000000000000e+00
1.000000000000000000e+00
1.000000000000000000e+00
9.931640625000000000e-01
1.000000000000000000e+00
8.857421875000000000e-01
9.941406250000000000e-01
0.000000000000000000e+00
1.000000000000000000e+00
1.000000000000000000e+00
1.000000000000000000e+00
8.847656250000000000e-01
9.921875000000000000e-01
1.000000000000000000e+00
1.000000000000000000e+00
2.011718750000000000e-01
9.912109375000000000e-01
1.000000000000000000e+00
1.000000000000000000e+00
9.941406250000000000e-01
7.031250000000000000e-02
7.812500000000000000e-02
1.000000000000000000e+00
7.031250000000000000e-02
9.902343750000000000e-01
2.089843750000000000e-01
1.000000000000000000e+00
1.000000000000000000e+00
1.000000000000000000e+00
6.250000000000000000e-02
1.000000000000000000e+00
1.000000000000000000e+00
2.128906250000000000e-01
1.992187500000000000e-01
6.250000000000000000e-02
1.000000000000000000e+00
1.933593750000000000e-01
6.250000000000000000e-02
5.058593750000000000e-01
6.250000000000000000e-02
1.000000000000000000e+00
8.847656250000000000e-01
1.000000000000000000e+00
1.000000000000000000e+00
8.789062500000000000e-01
1.000000000000000000e+00
1.000000000000000000e+00
1.000000000000000000e+00
9.931640625000000000e-01
8.857421875000000000e-01
9.931640625000000000e-01
9.990234375000000000e-01
8.857421875000000000e-01
