0.895	0.545	0.069	0.108	0.902	0.903	0.894	0.924	0.913	0.916
1	0.636	0	0	1	1	1	1	1	1
1	0.637	0	0	1	1	1	1	1	1
1	0.616	0	0	1	0.999	1	1	1	1
1	0.621	0	0	1	1	1	1	1	1
0.999	0.554	0.001	0.001	0.999	0.998	0.998	0.999	0.998	0.999
1	0.557	0	0	1	1	1	1	1	1
1	0.556	0	0	1	1	1	1	1	1
1	0.619	0	0	1	1	1	1	1	1
0.999	0.588	0.001	0.001	0.999	0.998	0.998	0.999	0.998	0.999
1	0.556	0	0	1	1	1	1	1	1
1	0.556	0	0	1	1	1	1	1	1
0.999	0.627	0.202	0.237	0.611	0.586	0.581	0.766	0.667	0.673
1	0.619	0.049	0.059	0.879	0.878	0.876	0.907	0.884	0.88
1	0.634	0	0	1	1	1	1	1	1
1	0.634	0	0	1	1	1	1	1	1
1	0.588	0.001	0.001	0.999	0.999	0.999	0.999	0.999	0.999
1	0.619	0	0	1	1	1	1	1	1
1	0.554	0	0	1	0.999	0.999	1	0.999	1
1	0.583	0	0	1	1	1	1	1	1
1	0.561	0	0	1	1	1	1	1	1
1	0.619	0	0	1	1	1	1	1	1
1	0.587	0	0	1	0.998	0.999	1	0.998	1
1	0.582	0	0	1	1	1	1	1	1
1	0.625	0	0	1	1	1	1	1	1
0.979	0.491	0.089	0.102	0.711	0.711	0.724	0.736	0.729	0.697
1	0.816	0	0	1	1	1	1	1	1
1	0.864	0	0	1	1	1	1	1	1
1	0.849	0	0	1	1	1	1	1	1
0.895	0.545	0.069	0.108	0.901	0.903	0.894	0.924	0.913	0.916
1	0.636	0	0	1	1	1	1	1	1
1	0.637	0	0	1	1	1	1	1	1
1	0.616	0	0	1	0.999	1	1	1	1
1	0.621	0	0	1	1	1	1	1	1
0.999	0.554	0.001	0.001	0.999	0.998	0.998	0.999	0.998	0.999
1	0.557	0	0	1	1	1	1	1	1
1	0.556	0	0	1	1	1	1	1	1
1	0.619	0	0	1	1	1	1	1	1
0.999	0.588	0.001	0.001	1	0.999	0.998	0.999	0.998	0.999
1	0.556	0	0	1	1	1	1	1	1
1	0.556	0	0	1	1	1	1	1	1
0.999	0.662	0.202	0.237	0.874	0.794	0.788	0.882	0.792	0.874
1	0.697	0.398	0.469	0.757	0.628	0.557	0.752	0.627	0.767
1	0.635	0.355	0.422	0.517	0.454	0.389	0.675	0.507	0.569
1	0.634	0	0	1	1	1	1	1	1
1	0.635	0	0	1	1	1	1	1	1
1	0.609	0	0	1	1	1	1	1	1
1	0.595	0	0	1	1	1	1	1	1
1	0.613	0	0	1	1	1	1	1	1
1	0.557	0	0	1	0.999	0.999	1	0.999	1
1	0.608	0	0	1	1	1	1	1	1
1	0.572	0	0	1	1	1	1	1	1
1	0.615	0	0	1	1	1	1	1	1
1	0.586	0	0	1	0.999	0.999	1	0.999	1
1	0.588	0	0	1	1	1	1	1	1
1	0.59	0	0	1	1	1	1	1	1
0.988	0.431	0.12	0.122	0.722	0.713	0.7	0.743	0.73	0.706
1	0.457	0.09	0.09	0.959	0.944	0.927	0.965	0.941	0.958
1	0.456	0.089	0.089	0.965	0.936	0.932	0.963	0.94	0.971
1	0.446	0.091	0.091	0.968	0.935	0.935	0.958	0.947	0.968
1	0.463	0.09	0.09	0.964	0.938	0.934	0.969	0.933	0.96
1	0.462	0.089	0.089	0.96	0.944	0.928	0.968	0.938	0.959
1	0.461	0.09	0.09	0.967	0.934	0.935	0.961	0.944	0.97
1	0.466	0.09	0.09	0.963	0.937	0.937	0.966	0.936	0.957
0.895	0.545	0.069	0.108	0.902	0.903	0.894	0.924	0.913	0.916
1	0.636	0	0	1	1	1	1	1	1
1	0.637	0	0	1	1	1	1	1	1
1	0.616	0	0	1	0.999	1	1	1	1
1	0.621	0	0	1	1	1	1	1	1
0.999	0.554	0.001	0.001	0.999	0.998	0.998	0.999	0.998	0.999
1	0.557	0	0	1	1	1	1	1	1
1	0.556	0	0	1	1	1	1	1	1
1	0.619	0	0	1	1	1	1	1	1
0.999	0.588	0.001	0.001	1	0.998	0.998	0.999	0.998	0.999
1	0.556	0	0	1	1	1	1	1	1
1	0.556	0	0	1	1	1	1	1	1
0.999	0.589	0.202	0.237	0.713	0.705	0.725	0.777	0.876	0.615
1	0.635	0.183	0.216	0.637	0.613	0.602	0.763	0.685	0.675
1	0.628	0	0	1	1	1	1	1	1
1	0.618	0	0	1	1	1	1	1	1
1	0.596	0.001	0.001	0.999	0.999	0.999	0.999	0.999	0.999
1	0.633	0	0	1	1	1	1	1	1
1	0.563	0	0.001	1	0.999	0.999	1	0.999	1
1	0.554	0	0	1	1	1	1	1	1
1	0.588	0	0	1	1	1	1	1	1
1	0.609	0	0	1	1	1	1	1	1
1	0.57	0	0	1	0.999	1	1	1	1
1	0.581	0	0	1	1	1	1	1	1
1	0.59	0	0	1	1	1	1	1	1
0.993	0.524	0.051	0.056	0.849	0.847	0.843	0.841	0.834	0.836
0.895	0.545	0.069	0.108	0.901	0.904	0.894	0.924	0.913	0.916
1	0.636	0	0	1	1	1	1	1	1
1	0.637	0	0	1	1	1	1	1	1
1	0.616	0	0	1	0.999	1	1	1	1
1	0.621	0	0	1	1	1	1	1	1
0.999	0.554	0.001	0.001	0.999	0.998	0.998	0.999	0.998	0.999
1	0.557	0	0	1	1	1	1	1	1
1	0.556	0	0	1	1	1	1	1	1
1	0.619	0	0	1	1	1	1	1	1
0.999	0.588	0.001	0.001	1	0.999	0.998	0.999	0.998	0.999
1	0.556	0	0	1	1	1	1	1	1
1	0.556	0	0	1	1	1	1	1	1
0.999	0.627	0.202	0.237	0.627	0.614	0.606	0.716	0.654	0.675
1	0.617	0.398	0.469	0.238	0.243	0.208	0.607	0.346	0.377
1	0.646	0.32	0.381	0.341	0.373	0.396	0.605	0.393	0.442
1	0.634	0	0	1	1	1	1	1	1
1	0.637	0	0	1	1	1	1	1	1
1	0.598	0.001	0.001	1	0.999	1	1	1	1
1	0.607	0	0	1	1	1	1	1	1
1	0.601	0	0	1	1	1	1	1	1
1	0.555	0	0	1	0.999	0.999	1	0.999	1
1	0.62	0	0	1	1	1	1	1	1
1	0.602	0	0	1	1	1	1	1	1
1	0.604	0	0	1	1	1	1	1	1
1	0.586	0	0	1	0.999	0.999	1	0.999	1
1	0.588	0	0	1	1	1	1	1	1
1	0.569	0	0	1	1	1	1	1	1
0.976	0.464	0.193	0.258	0.505	0.245	0.457	0.576	0.251	0.583
0.887	0.473	0.187	0.258	0.702	0.572	0.596	0.77	0.469	0.751
0.733	0.209	0.37	0.31	0.49	0.493	0.485	0.623	0.552	0.616
0.732	0.234	0.37	0.31	0.479	0.469	0.461	0.61	0.528	0.584
0.738	0.222	0.345	0.293	0.462	0.468	0.451	0.608	0.518	0.589
0.735	0.198	0.375	0.324	0.46	0.46	0.465	0.596	0.512	0.582
0.735	0.199	0.357	0.314	0.487	0.488	0.475	0.641	0.531	0.59
0.726	0.221	0.364	0.323	0.471	0.487	0.473	0.621	0.517	0.566
0.738	0.218	0.372	0.312	0.475	0.469	0.477	0.601	0.524	0.573
0.734	0.235	0.358	0.31	0.452	0.46	0.462	0.617	0.522	0.569
0.74	0.232	0.354	0.314	0.482	0.473	0.465	0.618	0.532	0.556
0.738	0.225	0.349	0.308	0.486	0.484	0.493	0.622	0.513	0.579
0.748	0.213	0.343	0.31	0.493	0.483	0.49	0.61	0.523	0.58
0.74	0.248	0.355	0.302	0.484	0.48	0.48	0.623	0.534	0.583
0.738	0.2	0.359	0.303	0.487	0.465	0.476	0.594	0.52	0.568
0.735	0.206	0.369	0.312	0.474	0.472	0.472	0.615	0.521	0.575
0.741	0.238	0.363	0.308	0.469	0.473	0.469	0.618	0.532	0.583
0.721	0.24	0.373	0.31	0.488	0.481	0.484	0.622	0.525	0.567
0.741	0.226	0.362	0.312	0.496	0.491	0.483	0.634	0.553	0.594
0.745	0.186	0.36	0.288	0.495	0.486	0.486	0.632	0.545	0.581
0.763	0.229	0.331	0.28	0.486	0.494	0.494	0.618	0.536	0.574
0.736	0.224	0.35	0.289	0.503	0.508	0.5	0.629	0.541	0.576
0.742	0.207	0.348	0.309	0.47	0.469	0.478	0.614	0.534	0.555
0.734	0.23	0.359	0.308	0.469	0.471	0.484	0.61	0.515	0.562
0.744	0.217	0.337	0.299	0.485	0.485	0.479	0.636	0.533	0.566
0.742	0.205	0.348	0.3	0.493	0.504	0.486	0.634	0.539	0.584
0.726	0.213	0.349	0.302	0.479	0.467	0.469	0.61	0.522	0.564
0.751	0.204	0.346	0.297	0.499	0.489	0.48	0.603	0.535	0.56
0.75	0.205	0.353	0.311	0.483	0.476	0.485	0.633	0.545	0.561
0.752	0.213	0.328	0.273	0.474	0.48	0.462	0.623	0.526	0.578
0.755	0.198	0.354	0.315	0.474	0.483	0.463	0.611	0.507	0.566
0.743	0.201	0.366	0.319	0.481	0.467	0.472	0.617	0.52	0.575
0.729	0.201	0.344	0.296	0.479	0.491	0.496	0.629	0.523	0.596
0.727	0.201	0.365	0.312	0.457	0.456	0.461	0.598	0.507	0.552
0.738	0.196	0.363	0.31	0.476	0.47	0.481	0.626	0.521	0.554
0.747	0.212	0.358	0.296	0.45	0.458	0.454	0.587	0.506	0.56
0.734	0.177	0.355	0.32	0.488	0.484	0.494	0.621	0.562	0.597
0.741	0.201	0.358	0.299	0.491	0.487	0.49	0.619	0.532	0.574
0.737	0.178	0.343	0.303	0.475	0.452	0.45	0.598	0.509	0.568
0.754	0.206	0.35	0.296	0.473	0.481	0.466	0.622	0.523	0.587
0.735	0.239	0.364	0.31	0.464	0.465	0.469	0.615	0.51	0.565
0.729	0.214	0.376	0.33	0.472	0.472	0.475	0.61	0.517	0.562
0.74	0.191	0.334	0.274	0.51	0.516	0.497	0.622	0.537	0.573
0.769	0.226	0.333	0.281	0.482	0.48	0.479	0.626	0.544	0.588
0.734	0.207	0.369	0.313	0.468	0.467	0.469	0.627	0.537	0.577
0.727	0.218	0.381	0.329	0.469	0.457	0.453	0.606	0.528	0.567
0.754	0.185	0.344	0.31	0.474	0.462	0.468	0.607	0.52	0.558
0.746	0.204	0.362	0.309	0.478	0.465	0.455	0.608	0.522	0.56
0.728	0.179	0.375	0.303	0.499	0.494	0.504	0.62	0.555	0.577
0.746	0.189	0.355	0.299	0.477	0.478	0.475	0.616	0.522	0.577
0.731	0.198	0.349	0.302	0.487	0.478	0.462	0.615	0.51	0.57
0.755	0.184	0.366	0.321	0.466	0.466	0.454	0.61	0.503	0.561
0.741	0.205	0.364	0.296	0.464	0.468	0.468	0.625	0.515	0.568
0.747	0.216	0.358	0.306	0.485	0.49	0.477	0.624	0.514	0.576
0.742	0.198	0.346	0.318	0.477	0.48	0.462	0.613	0.517	0.535
0.73	0.241	0.354	0.305	0.481	0.482	0.475	0.623	0.541	0.575
0.743	0.225	0.352	0.286	0.495	0.478	0.481	0.63	0.533	0.594
0.74	0.217	0.353	0.295	0.476	0.483	0.47	0.621	0.536	0.562
0.751	0.209	0.365	0.3	0.498	0.484	0.493	0.614	0.542	0.574
0.75	0.223	0.359	0.307	0.487	0.483	0.47	0.615	0.544	0.574
0.753	0.254	0.345	0.312	0.475	0.476	0.48	0.625	0.522	0.575
0.743	0.234	0.371	0.299	0.469	0.458	0.458	0.604	0.515	0.548
0.749	0.221	0.37	0.322	0.463	0.48	0.459	0.605	0.536	0.56
0.73	0.216	0.369	0.306	0.477	0.477	0.484	0.624	0.534	0.574
0.749	0.209	0.364	0.309	0.491	0.491	0.469	0.613	0.518	0.579
0.754	0.206	0.341	0.315	0.499	0.48	0.48	0.618	0.522	0.568
0.744	0.246	0.361	0.298	0.465	0.468	0.469	0.595	0.524	0.587
0.738	0.217	0.357	0.319	0.472	0.471	0.458	0.615	0.525	0.572
0.744	0.218	0.349	0.308	0.505	0.513	0.502	0.631	0.544	0.579
0.768	0.203	0.352	0.305	0.461	0.463	0.461	0.617	0.521	0.586
0.734	0.201	0.361	0.316	0.466	0.465	0.464	0.602	0.515	0.552
0.729	0.215	0.376	0.304	0.473	0.48	0.476	0.613	0.53	0.576
0.744	0.214	0.344	0.282	0.466	0.477	0.47	0.626	0.516	0.589
0.732	0.22	0.37	0.325	0.486	0.482	0.471	0.625	0.558	0.566
0.724	0.227	0.362	0.321	0.488	0.486	0.486	0.62	0.529	0.56
0.733	0.242	0.363	0.318	0.483	0.479	0.47	0.613	0.529	0.574
0.744	0.222	0.351	0.314	0.459	0.458	0.436	0.57	0.498	0.571
0.746	0.22	0.345	0.301	0.466	0.461	0.459	0.607	0.517	0.569
0.734	0.221	0.375	0.318	0.474	0.481	0.481	0.637	0.526	0.577
0.74	0.226	0.346	0.299	0.491	0.485	0.49	0.62	0.513	0.572
0.743	0.223	0.346	0.299	0.467	0.476	0.491	0.615	0.536	0.592
0.734	0.216	0.36	0.301	0.47	0.472	0.467	0.621	0.51	0.572
0.854	0.415	0.296	0.303	0.708	0.613	0.634	0.78	0.53	0.736
0.895	0.545	0.069	0.108	0.902	0.904	0.894	0.924	0.913	0.916
1	0.636	0	0	1	1	1	1	1	1
1	0.637	0	0	1	1	1	1	1	1
1	0.616	0	0	1	0.999	1	1	1	1
1	0.621	0	0	1	1	1	1	1	1
0.999	0.554	0.001	0.001	0.999	0.998	0.998	0.999	0.998	0.999
1	0.557	0	0	1	1	1	1	1	1
1	0.556	0	0	1	1	1	1	1	1
1	0.619	0	0	1	1	1	1	1	1
0.999	0.588	0.001	0.001	0.999	0.999	0.998	0.999	0.998	0.999
1	0.556	0	0	1	1	1	1	1	1
1	0.556	0	0	1	1	1	1	1	1
0.999	0.626	0.202	0.239	0.604	0.603	0.588	0.685	0.639	0.644
1	0.605	0.398	0.47	0.211	0.247	0.185	0.517	0.305	0.332
1	0.635	0.126	0.149	0.735	0.736	0.716	0.822	0.74	0.755
1	0.619	0	0	1	1	1	1	1	1
1	0.62	0	0	1	1	1	1	1	1
1	0.62	0	0	1	1	1	1	1	1
1	0.596	0	0	1	1	1	1	1	1
1	0.666	0	0	1	1	1	1	1	1
1	0.626	0	0	1	1	1	1	1	1
1	0.622	0	0	1	1	1	1	1	1
1	0.554	0	0	1	0.999	0.999	1	0.999	1
1	0.554	0	0	1	1	1	1	1	1
1	0.589	0	0	1	1	1	1	1	1
1	0.618	0	0	1	1	1	1	1	1
1	0.587	0	0	1	0.999	0.999	1	0.999	1
1	0.557	0	0	1	1	1	1	1	1
1	0.589	0	0	1	1	1	1	1	1
1	0.601	0.002	0.002	0.995	0.996	0.996	0.996	0.995	0.996
1	0.636	0	0	1	1	1	1	1	1
1	0.634	0	0	1	1	1	1	1	1
1	0.635	0	0	1	1	1	1	1	1
1	0.586	0	0	1	1	1	1	1	1
1	0.621	0	0	1	1	1	1	1	1
1	0.555	0	0	1	0.999	0.999	1	0.999	1
1	0.556	0	0	1	1	1	1	1	1
1	0.587	0	0	1	1	1	1	1	1
1	0.62	0	0	1	1	1	1	1	1
1	0.587	0	0.001	1	0.999	0.999	1	1	1
1	0.554	0	0	1	1	1	1	1	1
1	0.554	0	0	1	1	1	1	1	1
0.945	0.425	0.152	0.13	0.635	0.634	0.622	0.65	0.626	0.629
0.905	0.218	0.187	0.163	0.627	0.63	0.657	0.705	0.664	0.675
0.913	0.215	0.167	0.135	0.669	0.675	0.673	0.726	0.693	0.704
0.893	0.204	0.175	0.135	0.62	0.619	0.645	0.705	0.649	0.675
0.903	0.156	0.17	0.143	0.646	0.648	0.662	0.726	0.681	0.696
0.891	0.191	0.192	0.156	0.638	0.638	0.655	0.727	0.685	0.693
0.899	0.169	0.194	0.142	0.657	0.652	0.672	0.724	0.688	0.702
0.882	0.18	0.183	0.157	0.641	0.652	0.66	0.714	0.668	0.688
0.888	0.174	0.181	0.153	0.648	0.657	0.679	0.728	0.695	0.707
0.895	0.545	0.069	0.108	0.901	0.904	0.894	0.924	0.913	0.916
1	0.636	0	0	1	1	1	1	1	1
1	0.637	0	0	1	1	1	1	1	1
1	0.616	0	0	1	0.999	1	1	1	1
1	0.621	0	0	1	1	1	1	1	1
0.999	0.554	0.001	0.001	0.999	0.998	0.998	0.999	0.998	0.999
1	0.557	0	0	1	1	1	1	1	1
1	0.556	0	0	1	1	1	1	1	1
1	0.619	0	0	1	1	1	1	1	1
0.999	0.588	0.001	0.001	0.999	0.999	0.998	0.999	0.998	0.999
1	0.556	0	0	1	1	1	1	1	1
1	0.556	0	0	1	1	1	1	1	1
0.999	0.622	0.202	0.239	0.598	0.578	0.578	0.702	0.647	0.629
1	0.63	0.398	0.47	0.271	0.224	0.215	0.586	0.32	0.384
1	0.621	0.07	0.082	0.852	0.844	0.846	0.896	0.862	0.855
1	0.63	0	0	1	1	1	1	1	1
1	0.635	0	0	1	1	1	1	1	1
1	0.595	0.001	0.001	0.999	0.999	0.999	0.999	0.999	0.999
1	0.617	0	0	1	1	1	1	1	1
1	0.557	0	0	1	0.999	0.999	1	0.999	1
1	0.555	0	0	1	1	1	1	1	1
1	0.588	0	0	1	1	1	1	1	1
1	0.621	0	0	1	1	1	1	1	1
1	0.585	0	0	1	0.999	0.999	1	1	1
1	0.578	0	0	1	1	1	1	1	1
1	0.565	0	0	1	1	1	1	1	1
0.917	0.433	0.164	0.151	0.638	0.621	0.612	0.648	0.616	0.613
0.759	0.203	0.362	0.319	0.464	0.473	0.472	0.626	0.519	0.566
0.753	0.213	0.373	0.303	0.454	0.463	0.491	0.63	0.522	0.549
0.745	0.214	0.389	0.331	0.45	0.45	0.457	0.616	0.516	0.564
0.75	0.196	0.381	0.333	0.459	0.459	0.464	0.639	0.517	0.568
0.741	0.203	0.367	0.318	0.468	0.465	0.462	0.651	0.498	0.568
0.749	0.181	0.359	0.299	0.476	0.46	0.462	0.611	0.501	0.548
0.758	0.188	0.345	0.288	0.469	0.456	0.454	0.624	0.516	0.559
0.731	0.202	0.382	0.319	0.444	0.443	0.448	0.611	0.516	0.549
0.753	0.193	0.339	0.282	0.47	0.457	0.455	0.614	0.515	0.545
0.737	0.22	0.382	0.338	0.457	0.459	0.473	0.638	0.5	0.532
0.744	0.204	0.372	0.315	0.454	0.454	0.445	0.633	0.519	0.564
0.743	0.22	0.357	0.29	0.462	0.464	0.458	0.615	0.507	0.54
0.754	0.212	0.367	0.307	0.452	0.445	0.453	0.615	0.519	0.553
0.747	0.193	0.401	0.339	0.451	0.448	0.454	0.618	0.529	0.559
0.778	0.229	0.344	0.293	0.446	0.45	0.466	0.619	0.512	0.547
0.744	0.201	0.363	0.304	0.457	0.445	0.465	0.607	0.509	0.539
0.756	0.202	0.347	0.292	0.456	0.469	0.464	0.633	0.525	0.569
0.734	0.229	0.382	0.319	0.453	0.453	0.448	0.642	0.522	0.552
0.749	0.215	0.368	0.317	0.458	0.461	0.467	0.636	0.505	0.544
0.744	0.192	0.36	0.314	0.445	0.458	0.472	0.653	0.507	0.558
0.738	0.177	0.362	0.307	0.49	0.474	0.479	0.645	0.519	0.594
0.752	0.239	0.345	0.283	0.447	0.449	0.436	0.604	0.501	0.54
0.746	0.23	0.352	0.298	0.461	0.45	0.456	0.639	0.52	0.557
0.763	0.212	0.344	0.288	0.469	0.459	0.468	0.61	0.514	0.557
0.771	0.204	0.334	0.277	0.496	0.481	0.491	0.639	0.54	0.581
0.766	0.21	0.348	0.284	0.471	0.477	0.477	0.631	0.524	0.576
0.77	0.206	0.376	0.324	0.458	0.458	0.481	0.628	0.511	0.57
0.779	0.201	0.338	0.303	0.454	0.45	0.478	0.634	0.527	0.569
1	0.597	0.398	0.47	0.245	0.244	0.263	0.243	0.244	0.233
1	0.604	0.398	0.471	0.24	0.221	0.231	0.269	0.259	0.239
1	0.632	0.398	0.47	0.209	0.206	0.201	0.559	0.369	0.371
1	0.618	0.053	0.064	0.875	0.871	0.87	0.908	0.878	0.878
1	0.635	0	0	1	1	1	1	1	1
1	0.602	0	0	1	1	1	1	1	1
1	0.618	0	0	1	1	1	1	1	1
1	0.618	0	0	1	1	1	1	1	1
1	0.668	0	0	1	1	1	1	1	1
1	0.605	0.001	0.001	1	1	0.999	1	0.999	1
1	0.618	0	0	1	1	1	1	1	1
1	0.556	0	0	1	0.999	0.999	1	0.999	1
1	0.589	0	0	1	1	1	1	1	1
1	0.557	0	0	1	1	1	1	1	1
1	0.619	0	0	1	1	1	1	1	1
1	0.589	0	0	1	0.999	0.999	1	1	1
1	0.63	0	0	1	1	1	1	1	1
1	0.608	0	0	1	1	1	1	1	1
1	0.627	0.003	0.003	0.994	0.994	0.997	0.995	0.995	0.994
1	0.634	0	0	1	1	1	1	1	1
1	0.635	0	0	1	1	1	1	1	1
1	0.61	0	0	1	1	1	1	1	1
1	0.593	0	0	1	1	1	1	1	1
1	0.612	0	0	1	1	1	1	1	1
1	0.556	0	0	1	0.999	0.999	1	0.999	1
1	0.588	0	0	1	1	1	1	1	1
1	0.592	0	0	1	1	1	1	1	1
1	0.612	0	0	1	1	1	1	1	1
1	0.588	0	0	1	0.999	0.999	1	0.999	1
1	0.64	0	0	1	1	1	1	1	1
1	0.572	0	0	1	1	1	1	1	1
0.98	0.348	0.253	0.268	0.383	0.396	0.403	0.382	0.37	0.381
1	0.28	0.344	0.415	0.223	0.221	0.23	0.263	0.26	0.241
1	0.29	0.345	0.413	0.247	0.252	0.226	0.224	0.233	0.256
0.895	0.545	0.069	0.108	0.901	0.904	0.894	0.924	0.913	0.916
1	0.636	0	0	1	1	1	1	1	1
1	0.637	0	0	1	1	1	1	1	1
1	0.616	0	0	1	0.999	1	1	1	1
1	0.621	0	0	1	1	1	1	1	1
0.999	0.554	0.001	0.001	0.999	0.998	0.998	0.999	0.998	0.999
1	0.557	0	0	1	1	1	1	1	1
1	0.556	0	0	1	1	1	1	1	1
1	0.619	0	0	1	1	1	1	1	1
0.999	0.588	0.001	0.001	1	0.999	0.998	0.999	0.998	0.999
1	0.556	0	0	1	1	1	1	1	1
1	0.556	0	0	1	1	1	1	1	1
0.999	0.668	0.202	0.237	0.967	0.972	0.795	0.963	0.98	0.966
1	0.691	0.398	0.469	0.621	0.614	0.407	0.734	0.665	0.657
1	0.626	0.352	0.419	0.301	0.286	0.268	0.609	0.359	0.377
1	0.635	0	0	1	1	1	1	1	1
1	0.635	0	0	1	1	1	1	1	1
0.895	0.545	0.069	0.108	0.901	0.904	0.894	0.924	0.913	0.916
1	0.636	0	0	1	1	1	1	1	1
1	0.637	0	0	1	1	1	1	1	1
1	0.616	0	0	1	0.999	1	1	1	1
1	0.621	0	0	1	1	1	1	1	1
0.999	0.554	0.001	0.001	0.999	0.998	0.998	0.999	0.998	0.999
1	0.557	0	0	1	1	1	1	1	1
1	0.556	0	0	1	1	1	1	1	1
1	0.619	0	0	1	1	1	1	1	1
0.999	0.588	0.001	0.001	1	0.999	0.998	0.999	0.998	0.999
1	0.556	0	0	1	1	1	1	1	1
1	0.556	0	0	1	1	1	1	1	1
0.999	0.668	0.202	0.237	0.967	0.972	0.795	0.963	0.98	0.966
1	0.691	0.398	0.469	0.621	0.614	0.407	0.734	0.665	0.657
1	0.626	0.352	0.419	0.301	0.286	0.268	0.609	0.359	0.377
1	0.635	0	0	1	1	1	1	1	1
1	0.635	0	0	1	1	1	1	1	1
1	0.609	0	0	1	1	1	1	1	1
1	0.596	0	0	1	1	1	1	1	1
1	0.611	0	0	1	1	1	1	1	1
1	0.554	0	0	1	0.999	0.999	1	1	1
1	0.588	0	0	1	1	1	1	1	1
1	0.564	0	0	1	1	1	1	1	1
1	0.61	0	0	1	1	1	1	1	1
1	0.588	0	0	1	0.999	0.999	1	1	1
1	0.609	0	0	1	1	1	1	1	1
1	0.604	0	0	1	1	1	1	1	1
0.983	0.415	0.104	0.162	0.73	0.728	0.642	0.748	0.757	0.708
0.994	0.416	0.043	0.141	0.923	0.927	0.797	0.92	0.93	0.919
1	0.42	0.015	0.046	0.842	0.838	0.82	0.857	0.836	0.848
1	0.394	0.024	0.054	0.851	0.852	0.832	0.845	0.851	0.848
1	0.416	0.014	0.048	0.844	0.848	0.826	0.843	0.847	0.851
1	0.403	0.029	0.119	0.905	0.919	0.701	0.919	0.933	0.922 	     	
1	0.43	0.031	0.113	0.913	0.917	0.716	0.918	0.918	0.915         
1	0.425	0.017	0.046	0.857	0.851	0.837	0.859	0.849	0.861         
1	0.438	0.018	0.057	0.838	0.846	0.838	0.843	0.844	0.859         
1	0.435	0.014	0.043	0.844	0.843	0.821	0.843	0.85	0.859         
1	0.414	0.038	0.15	0.938	0.953	0.664	0.941	0.951	0.94     
1	0.424	0.028	0.093	0.886	0.903	0.729	0.89	0.899	0.886         
1	0.408	0.017	0.046	0.85	0.848	0.823	0.855	0.851	0.835         
1	0.396	0.021	0.054	0.853	0.837	0.837	0.849	0.839	0.84     
1	0.397	0.019	0.05	0.845	0.839	0.834	0.841	0.844	0.85     
1	0.425	0.04	0.168	0.952	0.978	0.625	0.954	0.974	0.954         
1	0.413	0.027	0.08	0.883	0.888	0.792	0.877	0.879	0.884         
1	0.419	0.015	0.046	0.854	0.847	0.83	0.847	0.841	0.834         
1	0.403	0.015	0.052	0.85	0.856	0.833	0.847	0.846	0.862         
1	0.407	0.02	0.049	0.853	0.847	0.817	0.859	0.851	0.841         
1	0.42	0.039	0.161	0.953	0.967	0.639	0.947	0.964	0.948         
1	0.422	0.015	0.044	0.858	0.846	0.84	0.862	0.851	0.843         
1	0.415	0.018	0.047	0.841	0.851	0.827	0.857	0.848	0.848         
1	0.426	0.025	0.093	0.9	0.897	0.754	0.905	0.901	0.888         
1	0.426	0.037	0.153	0.941	0.959	0.668	0.938	0.957	0.94     
1	0.427	0.014	0.043	0.842	0.842	0.828	0.852	0.844	0.839         
1	0.399	0.018	0.049	0.848	0.846	0.823	0.848	0.84	0.844         
1	0.401	0.016	0.045	0.852	0.839	0.823	0.844	0.845	0.844         
1	0.416	0.036	0.111	0.905	0.907	0.695	0.906	0.913	0.904         
1	0.426	0.033	0.13	0.917	0.934	0.7	0.919	0.929	0.919         
1	0.433	0.015	0.047	0.842	0.845	0.821	0.861	0.839	0.844         
1	0.408	0.021	0.047	0.851	0.845	0.826	0.852	0.85	0.842         
1	0.399	0.014	0.045	0.847	0.848	0.829	0.844	0.843	0.839         
1	0.418	0.037	0.129	0.935	0.937	0.678	0.918	0.937	0.922         
1	0.446	0.032	0.11	0.907	0.91	0.724	0.902	0.914	0.9      
1	0.401	0.015	0.043	0.844	0.841	0.835	0.844	0.842	0.84     
1	0.407	0.019	0.046	0.836	0.844	0.819	0.85	0.837	0.848         
1	0.408	0.014	0.045	0.849	0.847	0.808	0.845	0.849	0.851         
1	0.444	0.038	0.15	0.929	0.957	0.66	0.941	0.956	0.943         
1	0.401	0.03	0.09	0.888	0.897	0.763	0.884	0.891	0.894         
1	0.422	0.017	0.046	0.849	0.846	0.835	0.861	0.851	0.838         
1	0.424	0.017	0.048	0.844	0.838	0.836	0.846	0.829	0.841         
1	0.418	0.019	0.046	0.845	0.842	0.829	0.847	0.848	0.856         
1	0.45	0.043	0.166	0.955	0.97	0.599	0.949	0.974	0.94     
1	0.422	0.015	0.047	0.851	0.847	0.852	0.843	0.846	0.852         
1	0.422	0.016	0.044	0.845	0.844	0.837	0.861	0.839	0.836         
1	0.432	0.022	0.077	0.874	0.885	0.771	0.876	0.876	0.883         
1	0.425	0.043	0.169	0.945	0.974	0.641	0.948	0.971	0.946         
1	0.432	0.013	0.046	0.844	0.839	0.83	0.853	0.844	0.838         
1	0.393	0.019	0.049	0.849	0.849	0.821	0.844	0.842	0.844         
1	0.413	0.016	0.044	0.858	0.841	0.827	0.85	0.845	0.846         
1	0.4	0.031	0.094	0.892	0.893	0.727	0.892	0.897	0.894         
1	0.431	0.037	0.146	0.928	0.953	0.664	0.936	0.95	0.932         
1	0.432	0.016	0.049	0.85	0.843	0.821	0.857	0.838	0.844         
1	0.414	0.02	0.046	0.849	0.847	0.826	0.855	0.851	0.848         
1	0.397	0.014	0.047	0.847	0.849	0.831	0.846	0.84	0.84     
1	0.415	0.034	0.109	0.918	0.915	0.703	0.9	0.919	0.904         
1	0.445	0.036	0.127	0.917	0.926	0.692	0.916	0.931	0.912         
1	0.408	0.015	0.043	0.843	0.838	0.838	0.838	0.839	0.833         
1	0.41	0.017	0.047	0.837	0.844	0.822	0.852	0.835	0.85     
1	0.41	0.015	0.044	0.849	0.849	0.811	0.848	0.851	0.856         
1	0.42	0.036	0.135	0.918	0.942	0.68	0.93	0.943	0.93     
1	0.416	0.031	0.104	0.906	0.917	0.744	0.9	0.911	0.909         
1	0.427	0.017	0.046	0.845	0.846	0.832	0.857	0.85	0.841         
1	0.422	0.018	0.049	0.847	0.835	0.83	0.846	0.826	0.836         
1	0.415	0.016	0.047	0.837	0.841	0.837	0.846	0.848	0.853         
1	0.444	0.042	0.153	0.952	0.966	0.609	0.95	0.967	0.944         
1	0.421	0.02	0.06	0.861	0.853	0.837	0.847	0.855	0.856         
1	0.431	0.015	0.045	0.845	0.845	0.841	0.86	0.841	0.837         
1	0.43	0.021	0.062	0.857	0.866	0.796	0.859	0.855	0.863         
1	0.431	0.044	0.182	0.96	0.992	0.614	0.964	0.992	0.958         
1	0.416	0.014	0.047	0.849	0.843	0.834	0.852	0.842	0.842         
1	0.408	0.019	0.05	0.85	0.85	0.821	0.847	0.847	0.845         
1	0.397	0.015	0.043	0.855	0.838	0.821	0.853	0.841	0.848         
1	0.41	0.029	0.08	0.874	0.874	0.748	0.87	0.877	0.878         
1	0.431	0.04	0.162	0.94	0.964	0.638	0.95	0.965	0.941         
1	0.434	0.014	0.046	0.853	0.847	0.828	0.856	0.84	0.849         
1	0.415	0.021	0.048	0.849	0.844	0.826	0.854	0.85	0.846         
1	0.405	0.015	0.044	0.844	0.85	0.828	0.844	0.842	0.837         
1	0.411	0.03	0.098	0.906	0.902	0.73	0.892	0.901	0.897         
1	0.436	0.039	0.139	0.932	0.941	0.667	0.93	0.948	0.922         
1	0.416	0.014	0.044	0.845	0.84	0.837	0.841	0.844	0.836         
1	0.406	0.018	0.048	0.84	0.844	0.823	0.853	0.836	0.849         
