6.159757877579222773e-01
9.967909243715139533e-01
9.967909243715139533e-01
9.972365193689866070e-01
9.221305118331356576e-01
9.972365193689866070e-01
6.414663696671750737e-01
1.091469313046847578e+00
9.579327746736835403e-01
6.793481456161926113e-01
8.565136311975193317e-01
6.003665281695630407e-01
9.967909243715139533e-01
6.561813024572457076e-01
9.362932032722183218e-01
9.967909243715139533e-01
9.762150600229843045e-01
7.002449649380123597e-01
9.221305118331356576e-01
8.953761929662432673e-01
9.225774558595430941e-01
9.586732632249704844e-01
5.348037837214333345e-01
9.225774558595430941e-01
5.128946151800773956e-01
7.963183420887999242e-01
9.057159377818534418e-01
8.975372818243313455e-01
6.962160241230931357e-01
9.967909243715139533e-01
8.018205516361304186e-01
9.443734505785569278e-01
8.602801462982979652e-01
1.051071317806478778e+00
9.221305118331356576e-01
7.253975748829516457e-01
6.680257747441983307e-01
4.686585321846378216e-01
4.110543407222776446e-01
1.091909565688130801e+00
5.010422270447106863e-01
9.967909243715139533e-01
9.967909243715139533e-01
7.659926319436790587e-01
9.221305118331356576e-01
8.980390924938929098e-01
9.573222009020737611e-01
6.555446084794921413e-01
4.444247765739574030e-01
9.967909243715139533e-01
9.013486770680328997e-01
8.639805963685530665e-01
9.191537608593917108e-01
8.816371642900021621e-01
9.211986698671280616e-01
4.554301041164917629e-01
1.038023206298082091e+00
7.902681141818602706e-01
1.071413481471669815e+00
1.060479716187903154e+00
9.221305118331356576e-01
1.017255015684160657e+00
9.967909243715139533e-01
7.766224147100656561e-01
9.967909243715139533e-01
4.429394703379939680e-01
6.360224322619997261e-01
9.221305118331356576e-01
9.221305118331356576e-01
4.552196559678277632e-01
8.271167447584885091e-01
7.543781830208372563e-01
3.070501153479808787e-01
7.578846055197955289e-01
9.225774558595430941e-01
3.512568302188056046e-01
3.197243232050978046e-01
2.084263787468826346e-01
9.967909243715139533e-01
9.211986698671280616e-01
9.221305118331356576e-01
8.425217656915192643e-01
9.225774558595430941e-01
9.750562710947333622e-01
9.764511004765991098e-01
1.097239799492119250e+00
9.829289248124878364e-01
1.010961541176304213e+00
6.123743547194108183e-01
9.221305118331356576e-01
8.096891231338686490e-01
7.072890170945284050e-01
3.634099226848702680e-01
9.221305118331356576e-01
9.972365193689866070e-01
8.869582993696140116e-01
1.017255015684160657e+00
8.019244796254879626e-01
1.071413481471669815e+00
1.017937312340397416e+00
8.543334139220105650e-01
9.972365193689866070e-01
9.221305118331356576e-01
9.139180341858873513e-01
9.972365193689866070e-01
9.221305118331356576e-01
4.229916443417250926e-01
9.013486770680328997e-01
5.073017551944231096e-01
9.017934345386647843e-01
9.221305118331356576e-01
9.225774558595430941e-01
9.717515974846874238e-01
8.091101715414806828e-01
4.022853395140982835e-01
4.982001551050571075e-01
7.643435347681061254e-01
9.967909243715139533e-01
6.322524143033133592e-01
9.938121751218359501e-01
9.946329459697308417e-01
6.316983180824463640e-01
7.632771502334817493e-01
9.830459136239296791e-01
9.967909243715139533e-01
6.830896108688803148e-01
3.115668663426204299e-01
9.972365193689866070e-01
7.680983642091560037e-01
8.999625149896856025e-01
9.972365193689866070e-01
7.740596777671880924e-01
9.967909243715139533e-01
6.033190767204287264e-01
4.737886700405097296e-01
5.733681451683351193e-01
9.967909243715139533e-01
7.344625070653064691e-01
9.221305118331356576e-01
8.346720416901162176e-01
9.225774558595430941e-01
9.972365193689866070e-01
8.761265521922650956e-01
9.017934345386647843e-01
9.050310494752166202e-01
9.750562710947333622e-01
9.225774558595430941e-01
9.764511004765991098e-01
8.342469072101194039e-01
9.967909243715139533e-01
9.972365193689866070e-01
7.965555560807088264e-01
7.533748198473558810e-01
9.967909243715139533e-01
7.030656490114252088e-01
9.967909243715139533e-01
6.533192235418182614e-01
8.301260244741724970e-01
7.095747412335567939e-01
6.945681967122864231e-01
9.276320791709095070e-01
3.812931523069137407e-01
1.049233814754817917e+00
1.071413481471669815e+00
5.201378064965110903e-01
9.253951493330460076e-01
9.967909243715139533e-01
9.225774558595430941e-01
9.579327746736835403e-01
9.967909243715139533e-01
9.221305118331356576e-01
6.110397979361478216e-01
5.954972537045405412e-01
7.606430087985854849e-01
9.225774558595430941e-01
9.641580176654015455e-01
8.246215366910446543e-01
8.344198149896483452e-01
9.967909243715139533e-01
7.087000801702215691e-01
8.196139502751448314e-01
1.173508526674542640e+00
7.839725658877269021e-01
9.225774558595430941e-01
9.221305118331356576e-01
1.046030208842300357e+00
8.942687597435151625e-01
3.463196521427717167e-01
9.972365193689866070e-01
9.972365193689866070e-01
9.967909243715139533e-01
9.764511004765991098e-01
5.854950340145178567e-01
6.927997027402780228e-01
9.685653318028398795e-01
3.794087714264305911e-01
9.972365193689866070e-01
6.938240353767396451e-01
4.593559802925183400e-01
9.764511004765991098e-01
6.542224949503788745e-01
6.277082912737951270e-01
9.685653318028398795e-01
9.764511004765991098e-01
8.722458256411910194e-01
1.018952363319446608e+00
3.650988105812912332e-01
9.221305118331356576e-01
8.558105388919484691e-01
9.764511004765991098e-01
9.764511004765991098e-01
9.312529584133854010e-01
4.766435953314994700e-01
9.225774558595430941e-01
7.011346975634223933e-01
7.089506613193107265e-01
9.191537608593917108e-01
6.727439570854057971e-01
4.435705879188317491e-01
5.773348329983646332e-01
9.058294435573698289e-01
1.071857718529888093e+00
9.764511004765991098e-01
1.148975718591661366e+00
6.598731858003402673e-01
1.079517914388081312e+00
9.221305118331356576e-01
7.358205647557879425e-01
9.967909243715139533e-01
1.032589586141345439e+00
6.873644544858207306e-01
8.018840952957516643e-01
5.282754671378070421e-01
9.359393886107382210e-01
8.981289262805530749e-01
9.204032999700230144e-01
1.055496315107181449e+00
6.133519444896974315e-01
8.260048412727810652e-01
9.221305118331356576e-01
8.346720416901162176e-01
9.221305118331356576e-01
1.111638548443867780e+00
9.633315679251991392e-01
6.155047640343737081e-01
9.221305118331356576e-01
9.972365193689866070e-01
8.999625149896856025e-01
8.379328157508935115e-01
9.221305118331356576e-01
9.972365193689866070e-01
9.004032643856062501e-01
8.775347532037512943e-01
9.097038747000324443e-01
1.071413481471669815e+00
9.967909243715139533e-01
1.139368274310247120e+00
4.765352672486115049e-01
7.849853474659239660e-01
6.474003022249844586e-01
5.978071362156397450e-01
9.221305118331356576e-01
9.478053139681078543e-01
4.183604819490410742e-01
9.967909243715139533e-01
9.967909243715139533e-01
8.018205516361304186e-01
9.760076920468391259e-01
8.200598883168522812e-01
5.870483159054101785e-01
6.580182794827506010e-01
6.444150526463700013e-01
7.027669757376925341e-01
6.535105909745807518e-01
6.894078169144149948e-01
4.807341912721240229e-01
8.239282217878708403e-01
9.221305118331356576e-01
1.004744098608686631e+00
9.225774558595430941e-01
9.225774558595430941e-01
9.295708919805220072e-01
9.967909243715139533e-01
9.967909243715139533e-01
7.228561074279623577e-01
8.215675464416035689e-01
9.600215396263293011e-01
8.722458256411910194e-01
9.225774558595430941e-01
9.295708919805220072e-01
