0
0.0625
0.0625
0.0625
0.0703125
0.0703125
0.078125
0.078125
0.078125
0.078125
0.078125
0.078125
0.078125
1
1
0.208984375
0.208984375
0.208984375
0.208984375
0.208984375
0.2080078125
0.205078125
0.205078125
0.201171875
0.201171875
0.201171875
0.19921875
0.1845703125
0.18359375
0.1767578125
0.048828125
0.044921875
0.037109375
0.0341796875
0.017578125
0
0.0625
0.0625
0.0625
0.0703125
0.0703125
0.078125
0.078125
0.078125
0.078125
0.078125
0.078125
0.078125
1
1
1
1
1
1
1
1
1
1
1
1
1
1
1
1
1
1
1
1
1
1
1
1
1
1
1
1
1
1
1
1
1
1
1
1
1
1
1
1
1
1
1
1
1
1
1
1
1
1
1
1
1
1
1
1
1
0
0.0625
0.0625
0.0625
0.0703125
0.0703125
0.078125
0.078125
0.078125
0.078125
0.078125
0.078125
0.078125
1
1
1
1
1
1
1
1
1
1
1
1
1
1
1
1
1
1
1
1
1
1
0
0.4609375
0.4619140625
0.4619140625
0.4697265625
0.4697265625
0.4892578125
0.4892578125
0.4892578125
0.4892578125
0.4951171875
0.4951171875
0.4951171875
0.505859375
0.505859375
0.505859375
0.505859375
0.505859375
0.505859375
0.505859375
0.505859375
0.505859375
0.505859375
0.505859375
0.50390625
0.50390625
0.501953125
0.8876953125
0.8857421875
0.8857421875
0.8857421875
0.8857421875
0.8857421875
0.8857421875
0.8857421875
0.884765625
0.8857421875
0.8857421875
0.8857421875
0.8857421875
0.884765625
0.8857421875
0.884765625
0.8857421875
0.8857421875
0.8857421875
0.8857421875
0.8857421875
0.8857421875
0.8857421875
0.8857421875
0.8857421875
0.8857421875
0.8857421875
0.87890625
0
0.0625
0.0625
0.0625
0.0703125
0.0703125
0.078125
0.078125
0.078125
0.078125
0.078125
0.078125
0.078125
1
1
0.9990234375
1
1
1
1
0.9990234375
0.234375
0.234375
0.232421875
0.23046875
0.23046875
0.2275390625
0.2236328125
0.2216796875
0.2138671875
0.212890625
0.2119140625
0.2060546875
0.1962890625
0.193359375
0.1875
0.044921875
0.0390625
0.0146484375
0
0.0625
0.0625
0.0625
0.0703125
0.0703125
0.078125
0.078125
0.078125
0.078125
0.078125
0.078125
0.078125
1
1
1
1
1
1
1
1
1
1
1
1
1
0
0.0625
0.0625
0.0625
0.0703125
0.0703125
0.078125
0.078125
0.078125
0.078125
0.078125
0.078125
0.078125
1
1
1
1
1
1
1
1
1
1
1
1
1
1
1
1
0.994140625
0.9912109375
0.994140625
0.9970703125
0.9931640625
0.9912109375
0.994140625
0.99609375
0.994140625
0.994140625
0.9931640625
0.9892578125
0.9951171875
0.9951171875
0.990234375
0.9931640625
0.994140625
0.99609375
0.9912109375
0.9921875
0.9951171875
0.9931640625
0.9912109375
0.9921875
0.9951171875
0.9921875
0.9912109375
0.9912109375
0.994140625
0.9970703125
0.9921875
0.9892578125
0.9931640625
0.99609375
0.98828125
0.990234375
0.994140625
0.994140625
0.994140625
0.990234375
0.9921875
0.9921875
0.994140625
0.9931640625
0.994140625
0.9921875
0.990234375
0.990234375
0.9921875
0.990234375
0.9931640625
0.9912109375
0.994140625
0.994140625
0.9892578125
0.9921875
0.9970703125
0.9931640625
0.9931640625
0.9921875
0.9970703125
0.9931640625
0.9912109375
0.9912109375
0.9951171875
0.9921875
0.9921875
0.990234375
0.99609375
0.9931640625
0.990234375
0
0.0625
0.0625
0.0625
0.0703125
0.0703125
0.078125
0.078125
0.078125
0.078125
0.078125
0.078125
0.078125
1
1
1
1
1
1
1
1
1
1
1
1
1
1
1
1
1
1
1
1
1
1
1
1
1
1
1
1
1
0.9990234375
1
1
1
1
1
1
1
1
1
1
1
1
1
1
1
1
1
1
1
1
1
1
1
1
1
1
1
1
1
1
1
1
1
1
1
1
1
1
1
1
1
1
1
1
1
1
1
1
1
1
1
1
1
1
1
1
1
1
1
1
1
1
1
1
1
1
1
1
1
1
1
1
1
1
1
0.9990234375
1
1
1
0.9990234375
1
1
1
1
1
1
1
1
1
1
1
1
1
1
1
1
1
1
1
1
1
1
1
1
1
1
1
1
1
1
1
1
1
1
1
0.9990234375
1
1
1
1
1
1
1
1
1
1
1
1
1
1
0.9990234375
1
1
1
1
1
1
1
1
1
1
0.9990234375
1
1
1
0.9990234375
1
1
1
1
1
1
1
1
1
1
1
1
1
1
1
1
1
1
1
1
1
1
1
1
1
1
1
1
1
1
