0
0.0624390243902439
0.0624390243902439
0.0624390243902439
0.0702439024390244
0.0702439024390244
0.07804878048780488
0.07902439024390244
0.07804878048780488
0.07804878048780488
0.07804878048780488
0.07902439024390244
0.07804878048780488
1
1
0.2097560975609756
0.2097560975609756
0.2097560975609756
0.2097560975609756
0.2097560975609756
0.208780487804878
0.2058536585365854
0.2058536585365854
0.2019512195121951
0.2019512195121951
0.2019512195121951
0.2
0.1853658536585366
0.184390243902439
0.1775609756097561
0.04975609756097561
0.04585365853658536
0.03804878048780488
0.0351219512195122
0.01853658536585366
0
0.0624390243902439
0.0624390243902439
0.0624390243902439
0.0702439024390244
0.0702439024390244
0.07804878048780488
0.07804878048780488
0.07804878048780488
0.07804878048780488
0.07804878048780488
0.07804878048780488
0.07804878048780488
1
1
1
1
1
1
1
1
1
1
1
1
1
1
1
1
1
1
1
1
1
1
1
1
1
1
1
1
1
1
1
1
1
1
1
1
1
1
1
1
1
1
1
1
1
1
1
1
1
1
1
1
1
1
1
1
1
0
0.0624390243902439
0.0624390243902439
0.0624390243902439
0.0702439024390244
0.0702439024390244
0.07804878048780488
0.07804878048780488
0.07804878048780488
0.07804878048780488
0.07804878048780488
0.07804878048780488
0.07804878048780488
1
1
1
1
1
1
1
1
1
1
1
1
1
1
1
1
1
1
1
1
1
1
0
0.4614634146341464
0.4624390243902439
0.4624390243902439
0.4702439024390244
0.4702439024390244
0.4897560975609756
0.4897560975609756
0.4897560975609756
0.4897560975609756
0.495609756097561
0.495609756097561
0.495609756097561
0.5063414634146342
0.5063414634146342
0.5063414634146342
0.5063414634146342
0.5063414634146342
0.5063414634146342
0.5063414634146342
0.5063414634146342
0.5063414634146342
0.5063414634146342
0.5063414634146342
0.504390243902439
0.504390243902439
0.5024390243902439
0.8878048780487805
0.8858536585365854
0.8858536585365854
0.8858536585365854
0.8858536585365854
0.8848780487804878
0.8858536585365854
0.8858536585365854
0.8848780487804878
0.8858536585365854
0.8858536585365854
0.8848780487804878
0.8858536585365854
0.8848780487804878
0.8848780487804878
0.8848780487804878
0.8848780487804878
0.8848780487804878
0.8848780487804878
0.8858536585365854
0.8858536585365854
0.8858536585365854
0.8858536585365854
0.8858536585365854
0.8858536585365854
0.8858536585365854
0.8858536585365854
0.8780487804878049
0
0.0624390243902439
0.0624390243902439
0.0624390243902439
0.0702439024390244
0.0702439024390244
0.07804878048780488
0.07804878048780488
0.07804878048780488
0.07804878048780488
0.07804878048780488
0.07804878048780488
0.07804878048780488
1
1
0.9990243902439024
0.9990243902439024
1
1
1
0.9990243902439024
0.2351219512195122
0.2351219512195122
0.2331707317073171
0.231219512195122
0.231219512195122
0.2282926829268293
0.224390243902439
0.2224390243902439
0.2146341463414634
0.2136585365853658
0.2126829268292683
0.2068292682926829
0.1970731707317073
0.1941463414634146
0.1882926829268293
0.04585365853658536
0.04
0.01560975609756098
0
0.0624390243902439
0.0624390243902439
0.0624390243902439
0.0702439024390244
0.0702439024390244
0.07804878048780488
0.07804878048780488
0.07804878048780488
0.07804878048780488
0.07804878048780488
0.07804878048780488
0.07804878048780488
1
1
1
1
1
1
1
1
1
1
1
1
1
0
0.0624390243902439
0.0624390243902439
0.0624390243902439
0.0702439024390244
0.0702439024390244
0.07804878048780488
0.07804878048780488
0.07804878048780488
0.07804878048780488
0.07804878048780488
0.07804878048780488
0.07804878048780488
1
1
1
1
1
1
1
1
1
1
1
1
1
1
1
1
0.9941463414634146
0.9912195121951219
0.9941463414634146
0.9970731707317073
0.9931707317073171
0.9912195121951219
0.9941463414634146
0.9960975609756098
0.9941463414634146
0.9941463414634146
0.9931707317073171
0.9892682926829268
0.9951219512195122
0.9951219512195122
0.9902439024390244
0.9931707317073171
0.9941463414634146
0.9960975609756098
0.9912195121951219
0.9921951219512195
0.9951219512195122
0.9931707317073171
0.9912195121951219
0.9921951219512195
0.9951219512195122
0.9921951219512195
0.9912195121951219
0.9912195121951219
0.9941463414634146
0.9970731707317073
0.9921951219512195
0.9892682926829268
0.9931707317073171
0.9960975609756098
0.9882926829268293
0.9902439024390244
0.9941463414634146
0.9941463414634146
0.9941463414634146
0.9902439024390244
0.9921951219512195
0.9912195121951219
0.9941463414634146
0.9931707317073171
0.9941463414634146
0.9921951219512195
0.9902439024390244
0.9902439024390244
0.9921951219512195
0.9902439024390244
0.9931707317073171
0.9912195121951219
0.9941463414634146
0.9941463414634146
0.9892682926829268
0.9921951219512195
0.9970731707317073
0.9921951219512195
0.9931707317073171
0.9921951219512195
0.9970731707317073
0.9931707317073171
0.9912195121951219
0.9912195121951219
0.9951219512195122
0.9921951219512195
0.9921951219512195
0.9902439024390244
0.9960975609756098
0.9931707317073171
0.9902439024390244
0
0.0624390243902439
0.0624390243902439
0.0624390243902439
0.0702439024390244
0.0702439024390244
0.07804878048780488
0.07804878048780488
0.07804878048780488
0.07804878048780488
0.07804878048780488
0.07804878048780488
0.07804878048780488
1
1
1
1
1
1
1
1
1
1
1
1
1
1
1
1
1
1
1
1
1
1
1
1
1
1
1
1
1
0.9990243902439024
1
1
1
1
1
1
1
1
1
1
1
1
1
1
1
1
1
1
1
1
0.9990243902439024
1
1
1
1
1
0.9990243902439024
1
1
1
1
1
1
1
1
1
1
1
1
1
1
1
0.9990243902439024
1
1
1
1
1
1
1
1
1
1
1
1
1
1
1
1
1
1
1
1
1
1
1
1
1
1
0.9990243902439024
1
1
1
1
0.9990243902439024
0.9990243902439024
1
1
1
0.9990243902439024
0.9990243902439024
1
1
1
1
1
1
1
1
1
1
1
1
1
1
1
1
1
1
1
1
0.9990243902439024
1
1
1
1
1
1
1
1
1
1
1
1
0.9990243902439024
0.9990243902439024
1
1
0.9990243902439024
1
1
1
1
1
1
1
1
1
1
1
0.9990243902439024
1
1
1
1
1
1
1
1
1
1
0.9990243902439024
1
1
1
0.9990243902439024
1
1
1
1
1
1
1
1
1
1
1
1
0.9990243902439024
1
1
1
1
1
1
1
1
1
1
1
1
1
1
1
1
1
