1.780999128319020186e-01
8.205721842418250978e-02
3.841354650887893185e-01
2.583963337792915538e-01
4.279534126480370460e-01
5.138996087817222502e-01
4.279534126480370460e-01
4.380847454572566746e-01
9.101614635955943555e-01
4.059237573220588202e-01
4.409874732276292675e-01
4.381392978785356163e-01
2.736725456790267130e-01
4.558251002179804501e-01
2.431449513534537643e-01
4.126479317812936087e-01
3.983688866242242610e-01
4.462610199456164550e-01
2.559994677089178494e-01
3.588210143125660223e-01
4.996041516921317927e-02
3.724509951680018971e-01
4.462610199456164550e-01
2.589710070599657299e-01
4.462610199456164550e-01
9.054437786184372783e-01
4.737608653710871365e-01
3.618139214838613227e-01
4.018125836223819802e-01
3.861035623055747990e-01
9.016642175416880178e-01
8.481310492947180535e-01
8.632807812094250854e-02
4.984055625098354758e-02
4.493409786329145006e-01
4.343874841321237468e-01
4.609088864890970583e-01
4.275129147800917351e-01
9.147009216715709101e-01
4.754382266179497107e-01
4.462610199456164550e-01
5.890574615189265728e-01
9.071555714546910565e-01
4.910089338756708499e-01
3.951269958572911078e-01
5.322214092356798432e-01
4.416195566783968629e-01
2.582147711505946019e-01
2.400873544076613242e-01
9.130984865203721768e-01
1.988612115359131294e-01
2.569284080647377677e-01
9.083325756323930023e-01
3.841272770192158403e-01
3.403675857872964783e-01
9.074216035315760820e-01
4.566288139942624169e-01
2.602843780395466822e-01
2.521912204360514109e-01
4.343874841321237468e-01
8.305660484799961552e-01
2.555813257420175844e-01
2.395672967157053690e-01
8.401948371460150611e-01
8.464312700047802451e-01
9.081836409859320725e-01
4.186198557465416470e-01
9.081431425665655865e-01
3.344004715599062094e-01
2.581277517770387830e-01
4.575985721997976596e-01
2.592483548035512952e-01
4.086623243379907122e-01
4.057378363773622154e-01
8.296811111557946816e-01
4.548792377058585301e-01
2.714743300700150908e-03
2.533656086022392784e-01
9.127682289638858748e-01
2.341275112472213649e-01
2.567139220962335044e-01
2.537691094532092406e-01
2.494212222567479542e-01
2.906058805984467752e-01
3.724509951680018971e-01
4.412523041486159925e-01
8.393088094657237264e-01
3.420845415545378798e-01
8.473303645630867464e-01
4.846805441228791422e-01
2.305024793997851318e-01
8.747422143942760187e-01
9.128270634595772037e-01
9.081149866956419459e-01
3.868565529144127324e-01
3.552236304065487515e-01
8.334649141495926727e-01
4.461046912061749636e-01
9.083946604600363628e-01
2.599793511117950984e-01
9.056457264006798624e-01
8.457109274361531703e-01
9.358736036115183898e-02
9.114068262365666584e-01
2.405421975230854215e-01
4.004929215888050620e-01
4.298382621063420728e-01
4.109796047997348878e-01
2.542852760533040324e-01
3.930820422705369466e-01
4.109796047997348878e-01
4.193140264948666540e-01
3.544927548539966167e-01
9.042168011535132166e-01
4.788307527018975107e-01
8.325785785387846971e-01
3.841101535964809854e-01
2.623038817034188397e-01
4.770478611527905755e-01
9.097303770819245017e-01
9.104672640096644898e-01
2.509156097468156488e-01
2.722487301666251525e-01
4.191493763064375044e-01
4.942818873391505163e-01
4.344775273642777491e-01
4.086623243379907122e-01
6.779245031936849131e-01
4.636736200395822904e-01
4.380683794434502842e-01
2.552074675555661698e-01
4.410816860921613070e-01
3.724509951680018971e-01
4.279534126480370460e-01
5.551214983525015745e-02
4.339761656750535379e-01
8.521192638913692718e-01
4.469997601687917821e-01
4.989152135209357075e-02
9.028968740604312870e-01
3.841384048259292583e-01
